1 0.347403 0.191138 0.097403 0.136243
1 0.263528 0.368386 0.098485 0.152116
1 0.343615 0.376984 0.128788 0.121693
1 0.268398 0.686508 0.075758 0.156085
1 0.390152 0.861772 0.083333 0.067460
1 0.732684 0.441799 0.071429 0.166667
1 0.566558 0.265873 0.066017 0.158730
1 0.621212 0.099868 0.090909 0.101852
1 0.646104 0.179233 0.060606 0.160053
1 0.710498 0.196429 0.068182 0.160053
1 0.724567 0.092593 0.094156 0.071429
1 0.751082 0.144180 0.056277 0.082011
1 0.686688 0.630952 0.076840 0.113757
1 0.748918 0.812831 0.088745 0.064815