1 0.222944 0.404762 0.060606 0.177249
1 0.291667 0.548280 0.055195 0.149471
1 0.327922 0.491402 0.056277 0.165344
1 0.255952 0.751323 0.057359 0.150794
1 0.320887 0.797619 0.091991 0.113757
1 0.396645 0.740741 0.117965 0.084656
1 0.450763 0.664021 0.107132 0.097884
1 0.585498 0.568122 0.062771 0.128307
1 0.736472 0.759259 0.081169 0.153439
1 0.574675 0.859127 0.069264 0.062169
1 0.415994 0.437940 0.113900 0.103394
1 0.334416 0.315476 0.106061 0.115079
1 0.368672 0.227513 0.129119 0.089947
1 0.285173 0.148148 0.126623 0.089947
1 0.391234 0.121032 0.094156 0.083333
1 0.570887 0.292342 0.094156 0.087274
1 0.588329 0.398148 0.098232 0.119048
1 0.733225 0.489418 0.074675 0.182540
1 0.738636 0.292328 0.074675 0.142857
1 0.678030 0.120370 0.096320 0.116402
1 0.751082 0.161376 0.069264 0.142857
1 0.695537 0.944948 0.083726 0.110104
1 0.804699 0.963083 0.075247 0.073834