1 0.257576 0.639550 0.099567 0.130952
1 0.324134 0.733466 0.098485 0.152116
1 0.574675 0.568783 0.090909 0.142857
1 0.664502 0.599206 0.103896 0.134921
1 0.340909 0.861772 0.069264 0.059524
1 0.436688 0.455688 0.091991 0.144180
1 0.462662 0.317460 0.091991 0.153439
1 0.293831 0.291667 0.079004 0.170635
1 0.325758 0.157407 0.099567 0.108466
1 0.609848 0.259921 0.107143 0.154762
1 0.731602 0.124339 0.047619 0.108466
1 0.733225 0.265873 0.050866 0.134921
1 0.733766 0.394841 0.071429 0.136243
1 0.674784 0.466931 0.096320 0.105820