1 0.269481 0.769841 0.058442 0.179894
1 0.357143 0.824735 0.095238 0.120370
1 0.433442 0.790344 0.089827 0.178571
1 0.349567 0.691799 0.106061 0.087302
1 0.425866 0.566799 0.059524 0.189153
1 0.309524 0.544312 0.069264 0.178571
1 0.255411 0.554894 0.036797 0.205026
1 0.256494 0.301587 0.075758 0.177249
1 0.580628 0.460979 0.070346 0.197090
1 0.694805 0.324735 0.112554 0.085979
1 0.741342 0.434524 0.064935 0.181217
1 0.595238 0.796296 0.099567 0.164021
1 0.657468 0.658730 0.081169 0.142857
1 0.718615 0.594577 0.058442 0.183862
1 0.707792 0.755291 0.108225 0.134921
1 0.735390 0.144841 0.083333 0.125661
1 0.710498 0.102513 0.068182 0.093915
1 0.515152 0.306878 0.064935 0.087302