1 0.262446 0.297619 0.096320 0.097884
1 0.265693 0.205026 0.072511 0.105820
1 0.321429 0.187169 0.056277 0.160053
1 0.362554 0.252646 0.086580 0.166667
1 0.411797 0.529762 0.096320 0.144180
1 0.275974 0.617725 0.086580 0.169312
1 0.257576 0.431217 0.047619 0.166667
1 0.411797 0.839286 0.050866 0.080688
1 0.716450 0.794974 0.062771 0.126984
1 0.750000 0.811508 0.054113 0.064815
1 0.654762 0.663360 0.071429 0.149471
1 0.643398 0.577381 0.083333 0.141534
1 0.638528 0.470899 0.080087 0.164021
1 0.653139 0.222222 0.133117 0.113757
1 0.735931 0.121693 0.056277 0.113757
1 0.729437 0.468254 0.073593 0.185185