1 0.281385 0.365079 0.101732 0.100529
1 0.268939 0.537037 0.098485 0.158730
1 0.261364 0.216931 0.072511 0.145503
1 0.325758 0.187831 0.058442 0.142857
1 0.331710 0.303571 0.091991 0.104497
1 0.395022 0.238095 0.110390 0.103175
1 0.415584 0.319444 0.067100 0.181217
1 0.369589 0.451720 0.072511 0.178571
1 0.396104 0.635582 0.082251 0.157407
1 0.399892 0.837963 0.057359 0.099206
1 0.695887 0.835979 0.060606 0.052910
1 0.475649 0.384259 0.061688 0.162698
1 0.487013 0.182540 0.071429 0.129630
1 0.555736 0.135582 0.070346 0.133598
1 0.582251 0.280423 0.051948 0.171958
1 0.575216 0.457672 0.057359 0.193122
1 0.644481 0.378307 0.083333 0.193122
1 0.694264 0.446429 0.085498 0.123016
1 0.706169 0.279762 0.089827 0.120370
1 0.654221 0.125661 0.096320 0.148148
1 0.734307 0.215608 0.068182 0.174603
1 0.752165 0.146164 0.082251 0.178571