1 0.503247 0.302910 0.075758 0.121693
1 0.584957 0.441799 0.068182 0.208995
1 0.696970 0.314815 0.108225 0.097884
1 0.754329 0.454365 0.067100 0.152116
1 0.653139 0.669312 0.079004 0.156085
1 0.716450 0.611111 0.034632 0.161376
1 0.715909 0.761905 0.115801 0.116402
1 0.586580 0.793651 0.060606 0.153439
1 0.419372 0.777116 0.100649 0.146825
1 0.332251 0.816799 0.077922 0.075397
1 0.279221 0.762566 0.049784 0.117725
1 0.308983 0.667989 0.089827 0.119048
1 0.248377 0.663360 0.037879 0.170635
1 0.329545 0.539021 0.085498 0.144180
1 0.423160 0.563492 0.049784 0.190476
1 0.254870 0.304894 0.059524 0.181217
1 0.716450 0.109127 0.095238 0.080688
1 0.733225 0.162698 0.063853 0.071429