1 0.294372 0.745370 0.071429 0.138889
1 0.448052 0.742725 0.090909 0.154762
1 0.477273 0.609788 0.084416 0.145503
1 0.517316 0.452381 0.054113 0.174603
1 0.575216 0.542328 0.135281 0.060847
1 0.573593 0.649471 0.045455 0.145503
1 0.628247 0.724206 0.096320 0.160053
1 0.629329 0.827381 0.111472 0.101852
1 0.741883 0.789021 0.087662 0.085979
1 0.719697 0.639550 0.058442 0.075397
1 0.593615 0.303571 0.050866 0.210317
1 0.639069 0.250000 0.072511 0.169312
1 0.696429 0.250000 0.046537 0.177249
1 0.745671 0.213624 0.058442 0.138889
1 0.739719 0.113095 0.068182 0.093915
1 0.487013 0.153439 0.084416 0.108466
1 0.422078 0.268519 0.082251 0.134921
1 0.335498 0.362434 0.060606 0.179894
1 0.287879 0.290344 0.108225 0.088624
1 0.243506 0.386905 0.054113 0.154762