1 0.390152 0.832011 0.055195 0.116402
1 0.457792 0.632937 0.125541 0.109788
1 0.541126 0.492063 0.116883 0.124339
1 0.287879 0.229497 0.069264 0.149471
1 0.303030 0.151455 0.084416 0.078042
1 0.237013 0.212302 0.049784 0.165344
1 0.541126 0.180556 0.110390 0.088624
1 0.520022 0.121032 0.130952 0.088624
1 0.601732 0.282407 0.073593 0.144180
1 0.698593 0.318122 0.081169 0.167989
1 0.738636 0.217593 0.063853 0.107143
1 0.734848 0.136905 0.058442 0.101852
1 0.686688 0.096561 0.100649 0.087302
1 0.760281 0.463624 0.070346 0.170635
1 0.717532 0.508598 0.086580 0.138889
1 0.590909 0.610450 0.049784 0.170635
1 0.646645 0.654762 0.094156 0.137566
1 0.647186 0.558862 0.062771 0.189153
1 0.673160 0.802910 0.064935 0.092593