1 0.344038 0.316380 0.120977 0.101014
1 0.266432 0.532918 0.106457 0.269540
1 0.312374 0.491232 0.096609 0.210658
1 0.405919 0.195427 0.101882 0.152758
1 0.505411 0.425265 0.136364 0.107143
1 0.651397 0.315889 0.077686 0.171146
1 0.718529 0.194058 0.076379 0.120921
1 0.716407 0.092822 0.091938 0.060388
1 0.641234 0.432540 0.083333 0.124339
1 0.733225 0.507662 0.081169 0.126434
1 0.570887 0.486111 0.068182 0.175926
1 0.588745 0.636905 0.062771 0.112434
1 0.683983 0.796958 0.088745 0.123016
1 0.626082 0.765873 0.048701 0.182540
1 0.574134 0.787698 0.042208 0.175926
1 0.439394 0.722222 0.090909 0.119048
1 0.520022 0.742620 0.066017 0.233918
1 0.797737 0.945348 0.104668 0.109304
1 0.709335 0.948806 0.077793 0.102388
1 0.623762 0.948806 0.099010 0.102388
1 0.700849 0.615826 0.077793 0.138300