1 0.258117 0.695106 0.059524 0.141534
1 0.289502 0.796296 0.109307 0.092593
1 0.309524 0.724206 0.093074 0.088624
1 0.306277 0.620370 0.086580 0.084656
1 0.261364 0.591931 0.087662 0.107143
1 0.265693 0.529762 0.098485 0.096561
1 0.372294 0.647487 0.062771 0.183862
1 0.345238 0.817460 0.049784 0.132275
1 0.409632 0.847222 0.063853 0.091270
1 0.435606 0.665344 0.068182 0.145503
1 0.525433 0.525132 0.074675 0.171958
1 0.230519 0.341270 0.054113 0.177249
1 0.271645 0.386243 0.058442 0.145503
1 0.332251 0.287037 0.103896 0.092593
1 0.654762 0.259921 0.125541 0.099206
1 0.721320 0.499339 0.098485 0.104497
1 0.673701 0.835979 0.037879 0.063492
1 0.750541 0.804233 0.061688 0.082011