1 0.262446 0.363095 0.104978 0.141534
1 0.339827 0.363095 0.084416 0.123016
1 0.345238 0.181878 0.090909 0.130952
1 0.257576 0.671958 0.069264 0.140212
1 0.389069 0.831349 0.063853 0.099206
1 0.606061 0.508598 0.077922 0.175926
1 0.686688 0.628968 0.113636 0.112434
1 0.659091 0.728175 0.084416 0.059524
1 0.753247 0.807540 0.054113 0.059524
1 0.728896 0.437169 0.059524 0.154762
1 0.558983 0.291005 0.068182 0.187831
1 0.619048 0.095899 0.106061 0.117725
1 0.648268 0.187169 0.054113 0.152116
1 0.703463 0.184524 0.062771 0.149471
1 0.749459 0.149471 0.055195 0.084656
1 0.726732 0.090608 0.081169 0.085979