1 0.244048 0.253968 0.053030 0.174603
1 0.291126 0.152116 0.093074 0.066138
1 0.325216 0.274471 0.096320 0.109788
1 0.326840 0.449074 0.075758 0.197090
1 0.258658 0.528439 0.067100 0.223545
1 0.267857 0.787037 0.053030 0.185185
1 0.344697 0.830026 0.074675 0.144180
1 0.406926 0.551587 0.095238 0.187831
1 0.538420 0.515212 0.109307 0.091270
1 0.537879 0.414683 0.127706 0.085979
1 0.655303 0.541005 0.109307 0.126984
1 0.565476 0.755291 0.146104 0.097884
1 0.716450 0.662698 0.071429 0.166667
1 0.442100 0.179233 0.081169 0.157407
1 0.601190 0.218254 0.072511 0.195767
1 0.655844 0.127646 0.067100 0.149471
1 0.706710 0.114418 0.073593 0.133598
1 0.741883 0.138889 0.059524 0.153439