1 0.262446 0.624339 0.098485 0.150794
1 0.309524 0.728836 0.080087 0.150794
1 0.360931 0.847884 0.079004 0.044974
1 0.433983 0.441799 0.082251 0.132275
1 0.445887 0.279101 0.067100 0.187831
1 0.295455 0.279762 0.069264 0.136243
1 0.317100 0.156085 0.090909 0.108466
1 0.541126 0.230159 0.064935 0.164021
1 0.615801 0.255952 0.101732 0.149471
1 0.736472 0.133598 0.059524 0.126984
1 0.713745 0.295635 0.091991 0.120370
1 0.741342 0.385582 0.075758 0.160053
1 0.675866 0.468254 0.107143 0.105820
1 0.649351 0.556217 0.080087 0.138889
1 0.571429 0.587963 0.099567 0.115079
1 0.639610 0.849206 0.093074 0.071429