1 0.256494 0.698413 0.034632 0.126984
1 0.331710 0.786376 0.085498 0.138889
1 0.332251 0.714286 0.086580 0.161376
1 0.384740 0.648810 0.068182 0.146825
1 0.417749 0.766534 0.110390 0.115079
1 0.415584 0.843254 0.075758 0.099206
1 0.595779 0.838624 0.044372 0.066138
1 0.456169 0.546296 0.135281 0.108466
1 0.378788 0.408730 0.123377 0.095238
1 0.245671 0.446429 0.069264 0.207672
1 0.237013 0.269180 0.038961 0.154762
1 0.280303 0.309524 0.075758 0.203704
1 0.347403 0.315476 0.129870 0.093915
1 0.353896 0.228836 0.108225 0.103175
1 0.301407 0.138889 0.072511 0.074074
1 0.398268 0.126984 0.106061 0.087302
1 0.561688 0.294974 0.084416 0.150794
1 0.653680 0.281746 0.075758 0.193122
1 0.686688 0.127646 0.100649 0.093915
1 0.740260 0.161376 0.060606 0.129630
1 0.743506 0.294974 0.071429 0.153439
1 0.740801 0.438492 0.087662 0.181217
1 0.718615 0.742063 0.095238 0.142857