1 0.248377 0.735450 0.070346 0.190476
1 0.260281 0.676587 0.087662 0.162698
1 0.266234 0.499339 0.067100 0.152116
1 0.324675 0.501984 0.069264 0.173280
1 0.411797 0.476852 0.081169 0.138889
1 0.324675 0.365079 0.095238 0.087302
1 0.251623 0.361111 0.044372 0.164021
1 0.230519 0.318122 0.058442 0.181217
1 0.310606 0.269180 0.086580 0.120370
1 0.308442 0.166667 0.112554 0.089947
1 0.379870 0.126323 0.097403 0.091270
1 0.429113 0.183201 0.091991 0.125661
1 0.488095 0.187169 0.073593 0.115079
1 0.468074 0.680556 0.113636 0.115079
1 0.613095 0.824074 0.085498 0.074074
1 0.714286 0.814815 0.093074 0.084656
1 0.577922 0.468915 0.097403 0.109788
1 0.553030 0.372354 0.095238 0.157407
1 0.604437 0.149471 0.061688 0.153439
1 0.678571 0.169312 0.084416 0.108466
1 0.716991 0.299603 0.070346 0.120370
1 0.752706 0.459656 0.061688 0.210317