1 0.233766 0.320106 0.043290 0.137566
1 0.259740 0.351190 0.058442 0.123016
1 0.258117 0.553524 0.074675 0.152020
1 0.284632 0.503968 0.073593 0.179894
1 0.309524 0.496032 0.047619 0.156085
1 0.334416 0.374339 0.075758 0.142857
1 0.351190 0.464947 0.072511 0.186508
1 0.431818 0.445767 0.106061 0.108466
1 0.433983 0.571429 0.108225 0.153439
1 0.500541 0.410714 0.085498 0.191799
1 0.627706 0.485450 0.045455 0.206349
1 0.491342 0.741402 0.093074 0.080688
1 0.455628 0.834656 0.064935 0.108466
1 0.362013 0.796296 0.091991 0.116402
1 0.574675 0.726190 0.103896 0.079365
1 0.615260 0.820106 0.074675 0.084656
1 0.632035 0.677910 0.064935 0.128307
1 0.693182 0.693122 0.076840 0.164021
1 0.770784 0.920337 0.071008 0.159326
1 0.708785 0.954663 0.086905 0.090674
1 0.609691 0.915803 0.094324 0.168394