1 0.402056 0.841931 0.087662 0.112434
1 0.390152 0.640212 0.087662 0.166667
1 0.268398 0.533069 0.099567 0.185185
1 0.283550 0.365079 0.106061 0.097884
1 0.263528 0.207011 0.048701 0.162698
1 0.322511 0.192460 0.073593 0.117725
1 0.329545 0.303571 0.091991 0.104497
1 0.370130 0.461640 0.075758 0.166667
1 0.415043 0.322751 0.050866 0.158730
1 0.389069 0.226852 0.104978 0.104497
1 0.479437 0.376323 0.062771 0.215608
1 0.604437 0.517857 0.070346 0.175926
1 0.690476 0.432540 0.099567 0.124339
1 0.647186 0.372354 0.077922 0.178571
1 0.582251 0.287698 0.080087 0.199735
1 0.553571 0.128968 0.079004 0.123016
1 0.655844 0.136243 0.093074 0.095238
1 0.726190 0.203042 0.073593 0.154762
1 0.743506 0.150794 0.075758 0.148148
1 0.686147 0.259921 0.051948 0.125661