1 0.263939 0.749074 0.075758 0.175926
1 0.294242 0.587037 0.069697 0.174074
1 0.367727 0.627778 0.059091 0.166667
1 0.435151 0.450926 0.072727 0.183333
1 0.466212 0.537037 0.128788 0.103704
1 0.588939 0.529630 0.104545 0.111111
1 0.449545 0.729630 0.095455 0.081481
1 0.541970 0.719444 0.122727 0.087037
1 0.650303 0.719444 0.063636 0.146296
1 0.719242 0.698148 0.043939 0.181481
1 0.711667 0.518519 0.074242 0.144444
1 0.741970 0.388889 0.065152 0.185185
1 0.669242 0.303704 0.065152 0.177778
1 0.615455 0.297222 0.060606 0.194444
1 0.538939 0.297222 0.065152 0.153704
1 0.272273 0.383333 0.080303 0.148148
1 0.256364 0.269444 0.069697 0.124074
1 0.239697 0.194444 0.072727 0.148148
1 0.297273 0.224074 0.054545 0.107407
1 0.323788 0.167593 0.083333 0.124074