1 0.542749 0.800926 0.072511 0.141534
1 0.518398 0.685847 0.077922 0.099206
1 0.608766 0.761243 0.072511 0.149471
1 0.590909 0.634259 0.069264 0.167989
1 0.537338 0.539021 0.081169 0.181217
1 0.714286 0.636905 0.041126 0.133598
1 0.678030 0.793651 0.126623 0.132275
1 0.328463 0.819444 0.074675 0.117725
1 0.277056 0.679894 0.060606 0.164021
1 0.417208 0.499339 0.059524 0.239418
1 0.466991 0.359127 0.053030 0.226190
1 0.356602 0.264550 0.133117 0.142857
1 0.489177 0.161376 0.084416 0.121693
1 0.678030 0.141534 0.081169 0.156085
1 0.746753 0.117725 0.056277 0.121693