1 0.261905 0.806995 0.049784 0.132124
1 0.318723 0.265212 0.072511 0.183862
1 0.373377 0.371248 0.116883 0.091701
1 0.438312 0.289021 0.110390 0.101852
1 0.640286 0.143923 0.103083 0.114270
1 0.606420 0.330688 0.128423 0.100529
1 0.557632 0.533730 0.064392 0.186508
1 0.543585 0.817951 0.040537 0.146482
1 0.600108 0.849868 0.046537 0.067460
1 0.620130 0.750000 0.088745 0.137566
1 0.634740 0.638889 0.063853 0.161376
1 0.668831 0.536376 0.069264 0.178571
1 0.707251 0.455688 0.053030 0.191799
1 0.739993 0.365741 0.081719 0.104497
1 0.733225 0.572751 0.066017 0.140212
1 0.772186 0.520503 0.044372 0.133598
1 0.700216 0.691799 0.101732 0.108466
1 0.704016 0.929404 0.062529 0.141192
1 0.773434 0.902850 0.080546 0.194300
1 0.841262 0.929404 0.067829 0.141192
1 0.769724 0.689767 0.102803 0.174870