1 0.284632 0.767196 0.097403 0.097884
1 0.304654 0.832672 0.066017 0.085979
1 0.447511 0.825397 0.083333 0.105820
1 0.262446 0.625000 0.100649 0.157407
1 0.235931 0.412698 0.086580 0.208995
1 0.287879 0.276455 0.062771 0.145503
1 0.316558 0.137566 0.098485 0.084656
1 0.358766 0.235450 0.066017 0.161376
1 0.463203 0.388228 0.067100 0.178571
1 0.517316 0.583333 0.123377 0.140212
1 0.736472 0.595238 0.083333 0.132275
1 0.674242 0.695767 0.054113 0.161376
1 0.649892 0.340608 0.124459 0.101852
1 0.577922 0.273148 0.090909 0.167989
1 0.654221 0.109788 0.117965 0.097884
1 0.688312 0.154101 0.049784 0.123016
1 0.721320 0.167989 0.031385 0.148148
1 0.744048 0.135582 0.042208 0.133598