1 0.247835 0.551587 0.064935 0.142857
1 0.314935 0.482804 0.071429 0.129630
1 0.318182 0.605159 0.073593 0.117725
1 0.266775 0.698413 0.046537 0.156085
1 0.332251 0.785053 0.080087 0.133598
1 0.359307 0.655423 0.073593 0.149471
1 0.414488 0.466547 0.071400 0.139444
1 0.409632 0.299223 0.109307 0.098446
1 0.266929 0.329718 0.074366 0.148854
1 0.265351 0.220899 0.079689 0.079365
1 0.290671 0.145715 0.109133 0.081586
1 0.345779 0.222222 0.102814 0.095238
1 0.389610 0.121762 0.112554 0.080311
1 0.549282 0.290155 0.041333 0.067358
1 0.685606 0.301587 0.096320 0.169312
1 0.745130 0.429233 0.083333 0.157407
1 0.705134 0.709519 0.092087 0.106869
1 0.593362 0.852332 0.065513 0.046632
1 0.426407 0.837963 0.060606 0.080688
1 0.477814 0.850529 0.061688 0.074074
1 0.730519 0.282407 0.082251 0.083333
1 0.729437 0.205026 0.097403 0.097884
1 0.696429 0.138228 0.098485 0.123016
1 0.705075 0.919041 0.071008 0.161917
1 0.599093 0.945596 0.109162 0.108808