1 0.251623 0.539021 0.061688 0.120370
1 0.361472 0.684524 0.071429 0.186508
1 0.285173 0.792989 0.094156 0.075397
1 0.468615 0.548280 0.082251 0.141534
1 0.451299 0.443783 0.108225 0.115079
1 0.327922 0.375661 0.086580 0.190476
1 0.407468 0.155423 0.100649 0.091270
1 0.526515 0.110450 0.135281 0.075397
1 0.517857 0.157407 0.102814 0.079365
1 0.577381 0.246693 0.074675 0.133598
1 0.607684 0.401455 0.083333 0.133598
1 0.619589 0.519841 0.094156 0.116402
1 0.554654 0.825397 0.057359 0.084656
1 0.624459 0.835979 0.054113 0.082011
1 0.722944 0.779101 0.067100 0.121693
1 0.708333 0.671958 0.066017 0.126984
1 0.654221 0.620370 0.046537 0.068783
1 0.702381 0.554233 0.103896 0.084656
1 0.708874 0.452381 0.080087 0.148148
1 0.765152 0.511905 0.045455 0.134921
1 0.661797 0.375661 0.050866 0.116402
1 0.697511 0.195106 0.070346 0.112434
1 0.697511 0.244048 0.061688 0.099206
1 0.744048 0.132275 0.050866 0.108466