1 0.334416 0.156085 0.125541 0.129630
1 0.314935 0.486111 0.069264 0.186508
1 0.259740 0.708333 0.073593 0.152116
1 0.293290 0.838624 0.069264 0.089947
1 0.350108 0.820106 0.068182 0.092593
1 0.476732 0.769180 0.126623 0.109788
1 0.580087 0.796958 0.129870 0.107143
1 0.666667 0.711640 0.108225 0.132275
1 0.712662 0.756614 0.094156 0.087302
1 0.664502 0.559524 0.054113 0.190476
1 0.728896 0.548280 0.063853 0.144180
1 0.600108 0.399471 0.102814 0.140212
1 0.673701 0.300926 0.091991 0.226190
1 0.732684 0.427249 0.138528 0.087302
1 0.581710 0.167328 0.074675 0.173280
1 0.734848 0.124339 0.097403 0.105820
1 0.729437 0.214286 0.080087 0.108466