1 0.271515 0.705556 0.093939 0.129630
1 0.311667 0.519444 0.104545 0.164815
1 0.373788 0.579630 0.059091 0.148148
1 0.460151 0.526852 0.116667 0.120370
1 0.496515 0.430556 0.119697 0.098148
1 0.544242 0.290741 0.087879 0.159259
1 0.642727 0.407407 0.106061 0.133333
1 0.657121 0.298148 0.065152 0.181481
1 0.737424 0.374074 0.059091 0.140741
1 0.745758 0.525926 0.087879 0.177778
1 0.625303 0.535185 0.107576 0.092593
1 0.412424 0.722222 0.090909 0.122222
1 0.528333 0.725926 0.107576 0.092593
1 0.714697 0.723148 0.065152 0.179630
1 0.638182 0.656481 0.063636 0.094444
1 0.277576 0.393519 0.072727 0.157407
1 0.365455 0.291667 0.121212 0.094444
1 0.237424 0.219444 0.043939 0.109259
1 0.245758 0.275926 0.090909 0.107407
1 0.307121 0.196296 0.089394 0.107407