1 0.268398 0.817460 0.064935 0.156085
1 0.381494 0.365741 0.109307 0.104497
1 0.310065 0.216270 0.085498 0.189153
1 0.461580 0.294312 0.094156 0.088624
1 0.646104 0.149471 0.108225 0.121693
1 0.680736 0.322090 0.132035 0.085979
1 0.733225 0.378307 0.079004 0.082011
1 0.708333 0.476190 0.063853 0.177249
1 0.645563 0.492725 0.072511 0.170635
1 0.624459 0.682540 0.062771 0.164021
1 0.561147 0.685185 0.063853 0.230159
1 0.588203 0.855820 0.042208 0.060847
1 0.666667 0.779101 0.119048 0.105820
1 0.682359 0.679894 0.091991 0.076720
1 0.729437 0.553571 0.062771 0.136243
1 0.756494 0.516534 0.054113 0.157407