1 0.266775 0.829386 0.057359 0.087342
1 0.428030 0.437954 0.124459 0.100776
1 0.469156 0.302910 0.089827 0.089947
1 0.493506 0.179894 0.125541 0.079365
1 0.639610 0.151554 0.099567 0.111399
1 0.289502 0.170337 0.085498 0.120466
1 0.730519 0.377646 0.106061 0.093915
1 0.699675 0.476852 0.070346 0.154762
1 0.649351 0.565476 0.067100 0.191799
1 0.694805 0.691138 0.093074 0.083333
1 0.712121 0.581349 0.082251 0.160053
1 0.750541 0.516534 0.046537 0.144180
1 0.599026 0.841931 0.040043 0.075397
1 0.627165 0.825397 0.057359 0.103175
1 0.667749 0.780423 0.108225 0.082011
1 0.761246 0.920984 0.073128 0.158031
1 0.838083 0.921632 0.084786 0.156736
1 0.690238 0.933290 0.085846 0.133420
1 0.763895 0.690415 0.086905 0.183938