1 0.334957 0.651455 0.098485 0.189153
1 0.271104 0.501323 0.061688 0.129630
1 0.286797 0.410714 0.099567 0.115079
1 0.287879 0.314815 0.069264 0.111111
1 0.259199 0.306217 0.079004 0.149471
1 0.250000 0.199735 0.071429 0.105820
1 0.286255 0.150794 0.079004 0.111111
1 0.282468 0.113757 0.093074 0.095238
1 0.324675 0.191138 0.067100 0.128307
1 0.365801 0.135582 0.080087 0.123016
1 0.420455 0.123677 0.081169 0.133598
1 0.369048 0.239418 0.058442 0.145503
1 0.422619 0.275794 0.091991 0.078042
1 0.480519 0.255291 0.054113 0.100529
1 0.517857 0.125661 0.122294 0.087302
1 0.566017 0.291667 0.064935 0.146825
1 0.322511 0.509921 0.106061 0.104497
1 0.360390 0.464947 0.069264 0.080688
1 0.373377 0.393519 0.082251 0.115079
1 0.453463 0.828704 0.080087 0.099206
1 0.550325 0.855159 0.044372 0.051587
1 0.512446 0.794974 0.091991 0.074074
1 0.626623 0.708333 0.077922 0.189153
1 0.620130 0.607804 0.075758 0.160053
1 0.624459 0.483466 0.086580 0.133598
1 0.573593 0.458333 0.084416 0.183862
1 0.667749 0.341931 0.060606 0.167989
1 0.709416 0.328704 0.091991 0.125661
1 0.708874 0.673280 0.084416 0.166667
1 0.670996 0.829365 0.103896 0.068783