1 0.277597 0.635582 0.089827 0.123016
1 0.275433 0.534392 0.059524 0.134921
1 0.288420 0.430556 0.068182 0.144180
1 0.244048 0.209656 0.059524 0.173280
1 0.297619 0.270503 0.067100 0.170635
1 0.342532 0.224868 0.057359 0.177249
1 0.401515 0.377646 0.067100 0.149471
1 0.292749 0.814153 0.087662 0.107143
1 0.383117 0.809524 0.060606 0.156085
1 0.687771 0.737434 0.104978 0.088624
1 0.686688 0.393519 0.072511 0.146825
1 0.587121 0.347222 0.100649 0.162698
1 0.699675 0.275794 0.102814 0.112434
1 0.718615 0.115079 0.082251 0.074074
1 0.724567 0.145503 0.091991 0.076720
1 0.599026 0.138889 0.107143 0.087302