1 0.244589 0.187169 0.067100 0.181217
1 0.283550 0.222884 0.069264 0.133598
1 0.360390 0.164683 0.084416 0.125661
1 0.537338 0.168651 0.081169 0.080688
1 0.417749 0.661376 0.119048 0.100529
1 0.549242 0.486111 0.102814 0.107143
1 0.589827 0.615079 0.049784 0.171958
1 0.463745 0.795635 0.076840 0.157407
1 0.594156 0.747354 0.069264 0.095238
1 0.673160 0.778439 0.080087 0.133598
1 0.647186 0.555556 0.051948 0.169312
1 0.714286 0.570106 0.067100 0.129630
1 0.716450 0.480820 0.110390 0.125661
1 0.755411 0.439153 0.058442 0.156085
1 0.688853 0.306217 0.053030 0.199735
1 0.636364 0.234127 0.080087 0.105820
1 0.644481 0.114418 0.087662 0.080688
1 0.702381 0.143519 0.054113 0.146825
1 0.738636 0.214947 0.063853 0.096561
1 0.743506 0.130291 0.058442 0.123016