1 0.273788 0.368519 0.083333 0.092593
1 0.344242 0.283333 0.106061 0.107407
1 0.270000 0.260185 0.072727 0.142593
1 0.235909 0.184259 0.028788 0.146296
1 0.300303 0.175926 0.072727 0.166667
1 0.262424 0.152778 0.054545 0.142593
1 0.333636 0.606481 0.078788 0.098148
1 0.262424 0.761111 0.045455 0.162963
1 0.296515 0.833333 0.077273 0.111111
1 0.457879 0.740741 0.084848 0.155556
1 0.535151 0.716667 0.100000 0.085185
1 0.410909 0.470370 0.106061 0.155556
1 0.466212 0.539815 0.116667 0.105556
1 0.565455 0.498148 0.100000 0.129630
1 0.636667 0.375000 0.103030 0.083333
1 0.683636 0.464815 0.075758 0.159259
1 0.730606 0.473148 0.048485 0.187037
1 0.656364 0.755556 0.081818 0.118519
1 0.519242 0.102778 0.104545 0.105556
1 0.542727 0.293519 0.072727 0.157407