1 0.263528 0.629630 0.087662 0.134921
1 0.314394 0.736111 0.070346 0.144180
1 0.264610 0.832672 0.042208 0.078042
1 0.386364 0.798942 0.097403 0.082011
1 0.503788 0.597222 0.107143 0.107143
1 0.373377 0.498016 0.077922 0.167989
1 0.668290 0.683862 0.057359 0.137566
1 0.725649 0.521825 0.072511 0.170635
1 0.301948 0.263228 0.067100 0.198413
1 0.264069 0.173942 0.082251 0.133598
1 0.353355 0.224206 0.061688 0.173280
1 0.444805 0.179233 0.110390 0.128307
1 0.561147 0.185847 0.104978 0.104497
1 0.689394 0.111111 0.106061 0.087302
1 0.708874 0.273810 0.082251 0.161376
1 0.753247 0.222222 0.060606 0.137566