1 0.272273 0.699074 0.065152 0.172222
1 0.282879 0.390741 0.086364 0.159259
1 0.245758 0.271296 0.084848 0.138889
1 0.265455 0.153704 0.093939 0.070370
1 0.370758 0.142593 0.113636 0.085185
1 0.391970 0.317593 0.110606 0.098148
1 0.341970 0.484259 0.104545 0.105556
1 0.382879 0.557407 0.059091 0.140741
1 0.510151 0.528704 0.092424 0.157407
1 0.447273 0.762037 0.093939 0.146296
1 0.541970 0.715741 0.101515 0.090741
1 0.663182 0.561111 0.083333 0.077778
1 0.685151 0.664815 0.078788 0.144444
1 0.719242 0.721296 0.074242 0.157407
1 0.566970 0.440741 0.121212 0.103704
1 0.543485 0.290741 0.077273 0.155556
1 0.660909 0.291667 0.072727 0.179630
1 0.696515 0.475000 0.092424 0.146296
1 0.732879 0.368519 0.065152 0.218519