1 0.407468 0.627646 0.115801 0.091270
1 0.288420 0.603175 0.074675 0.166667
1 0.283009 0.820767 0.059524 0.133598
1 0.352814 0.837302 0.045455 0.087302
1 0.380952 0.373677 0.095238 0.162698
1 0.492965 0.185185 0.130952 0.066138
1 0.595238 0.222884 0.077922 0.160053
1 0.666667 0.228175 0.062771 0.152116
1 0.722403 0.234127 0.063853 0.190476
1 0.748377 0.158069 0.085498 0.189153
1 0.598485 0.483466 0.140693 0.104497
1 0.656385 0.689815 0.072511 0.104497
1 0.477273 0.774471 0.090909 0.078042
1 0.572511 0.835317 0.093074 0.070106