1 0.294372 0.820106 0.099567 0.126984
1 0.396104 0.630952 0.090909 0.177249
1 0.298160 0.435847 0.104978 0.115079
1 0.407468 0.449074 0.124459 0.101852
1 0.430736 0.261243 0.097403 0.130952
1 0.544372 0.136905 0.084416 0.096561
1 0.633658 0.241402 0.074675 0.199735
1 0.653139 0.129630 0.063853 0.169312
1 0.663961 0.504630 0.120130 0.093915
1 0.713745 0.385582 0.079004 0.173280
1 0.707792 0.214286 0.064935 0.116402
1 0.733766 0.134259 0.062771 0.138889
1 0.750541 0.283730 0.053030 0.162698
1 0.531385 0.678571 0.097403 0.116402
1 0.588203 0.836640 0.085498 0.085979