1 0.711580 0.832672 0.031385 0.062169
1 0.431277 0.850832 0.068182 0.085787
1 0.446117 0.559539 0.116423 0.112676
1 0.605519 0.629630 0.085498 0.169312
1 0.656926 0.767857 0.127706 0.115079
1 0.720306 0.529584 0.074811 0.162343
1 0.732143 0.365079 0.087662 0.113757
1 0.662879 0.317542 0.079004 0.169014
1 0.606602 0.184524 0.074675 0.154762
1 0.742424 0.139550 0.075758 0.149471
1 0.329321 0.216369 0.106694 0.115277
1 0.282889 0.568077 0.074915 0.170725
1 0.274892 0.771164 0.073593 0.190476
1 0.539502 0.854497 0.096320 0.074074
1 0.689093 0.937900 0.068095 0.124200
1 0.761378 0.916773 0.063904 0.156210
1 0.837330 0.915493 0.060761 0.169014
1 0.785997 0.687580 0.052380 0.158771