1 0.273810 0.626984 0.075758 0.158730
1 0.297078 0.771164 0.104978 0.100529
1 0.379329 0.769180 0.074675 0.136243
1 0.341991 0.611772 0.073593 0.175926
1 0.518939 0.581349 0.122294 0.120370
1 0.453463 0.832011 0.101732 0.129630
1 0.704545 0.631614 0.093074 0.104497
1 0.586039 0.273148 0.089827 0.109788
1 0.617424 0.331349 0.133117 0.107143
1 0.471320 0.391534 0.074675 0.171958
1 0.353355 0.224868 0.083333 0.177249
1 0.405844 0.177910 0.110390 0.154762
1 0.254329 0.414683 0.067100 0.183862
1 0.291126 0.264550 0.058442 0.198413
1 0.627706 0.120370 0.127706 0.087302
1 0.685606 0.138228 0.057359 0.128307
1 0.728896 0.179233 0.033550 0.170635
1 0.724026 0.789683 0.084416 0.121693