1 0.401515 0.647487 0.082251 0.157407
1 0.405303 0.832672 0.053030 0.115079
1 0.272727 0.542328 0.073593 0.166667
1 0.278680 0.357804 0.104978 0.107143
1 0.336039 0.313492 0.102814 0.119048
1 0.256494 0.209656 0.084416 0.175926
1 0.328463 0.180556 0.059524 0.146825
1 0.387446 0.245370 0.090909 0.085979
1 0.417749 0.152778 0.101732 0.109788
1 0.483766 0.266534 0.103896 0.078042
1 0.475108 0.420635 0.073593 0.208995
1 0.369048 0.450397 0.071429 0.167989
1 0.539502 0.394841 0.085498 0.141534
1 0.587662 0.275794 0.069264 0.186508
1 0.552489 0.142857 0.083333 0.142857
1 0.650433 0.132275 0.103896 0.116402
1 0.759199 0.187831 0.059524 0.174603
1 0.736472 0.227513 0.066017 0.193122
1 0.644481 0.367725 0.081169 0.187831
1 0.676407 0.462302 0.114719 0.149471