1 0.317641 0.792328 0.098485 0.137566
1 0.267857 0.772487 0.040043 0.126984
1 0.283009 0.429894 0.079004 0.187831
1 0.329545 0.281085 0.061688 0.175926
1 0.435065 0.280423 0.101732 0.116402
1 0.626623 0.165344 0.110390 0.116402
1 0.557359 0.523810 0.108225 0.108466
1 0.522186 0.716270 0.098485 0.162698
1 0.610931 0.656746 0.076840 0.165344
1 0.699675 0.689815 0.109307 0.109788
1 0.662338 0.519841 0.071429 0.182540
1 0.733225 0.354497 0.107143 0.137566
1 0.703463 0.467593 0.056277 0.197090
1 0.738095 0.437831 0.054113 0.148148
1 0.762446 0.522487 0.068182 0.158730