1 0.280303 0.524471 0.101732 0.149471
1 0.294372 0.810847 0.077922 0.132275
1 0.458333 0.806217 0.079004 0.167989
1 0.632035 0.721561 0.112554 0.117725
1 0.675866 0.828042 0.055195 0.060847
1 0.729437 0.804233 0.077922 0.092593
1 0.715909 0.570106 0.096320 0.113757
1 0.742424 0.430556 0.101732 0.115079
1 0.746212 0.342593 0.072511 0.164021
1 0.660173 0.203042 0.080087 0.157407
1 0.384740 0.312831 0.104978 0.101852
1 0.372835 0.182540 0.148268 0.121693
1 0.677489 0.101852 0.084416 0.079365
1 0.734848 0.104497 0.064935 0.074074
1 0.738636 0.180556 0.059524 0.120370