1 0.246753 0.514550 0.064935 0.166667
1 0.291126 0.800265 0.106061 0.116402
1 0.359307 0.686508 0.082251 0.179894
1 0.388528 0.527778 0.095238 0.105820
1 0.326299 0.383598 0.081169 0.206349
1 0.463203 0.552249 0.082251 0.162698
1 0.605519 0.537037 0.102814 0.116402
1 0.669913 0.802910 0.043290 0.113757
1 0.732143 0.787698 0.055195 0.080688
1 0.660714 0.631614 0.061688 0.112434
1 0.556277 0.763228 0.071429 0.042328
1 0.691558 0.554894 0.077922 0.093915
1 0.709957 0.445106 0.064935 0.149471
1 0.757035 0.524471 0.057359 0.146825
1 0.688312 0.337302 0.062771 0.150794
1 0.615260 0.402116 0.085498 0.145503
1 0.575216 0.248677 0.098485 0.119048
1 0.521645 0.166667 0.101732 0.097884
1 0.538961 0.107143 0.093074 0.089947
1 0.694805 0.205688 0.069264 0.133598
1 0.740801 0.135582 0.053030 0.123016
1 0.421537 0.143519 0.104978 0.109788