1 0.253788 0.740741 0.087662 0.171958
1 0.350649 0.671296 0.095238 0.109788
1 0.265693 0.593915 0.098485 0.137566
1 0.303571 0.381614 0.076840 0.154762
1 0.285173 0.226852 0.050866 0.165344
1 0.242965 0.202381 0.037879 0.129630
1 0.348485 0.212302 0.090909 0.101852
1 0.568723 0.115079 0.117965 0.066138
1 0.639610 0.143519 0.071429 0.138889
1 0.579545 0.205026 0.079004 0.134921
1 0.640152 0.320767 0.081169 0.165344
1 0.674784 0.206349 0.059524 0.126984
1 0.724026 0.178571 0.060606 0.142857
1 0.705628 0.289683 0.067100 0.142857
1 0.602814 0.372354 0.086580 0.141534
1 0.601190 0.467593 0.079004 0.128307
1 0.504329 0.449735 0.093074 0.182540
1 0.701840 0.443783 0.089827 0.125661
1 0.764069 0.491402 0.071429 0.115079
1 0.717532 0.585317 0.084416 0.104497
1 0.619048 0.639550 0.054113 0.107143
1 0.420996 0.833333 0.088745 0.108466