1 0.261905 0.365079 0.093074 0.145503
1 0.334416 0.360450 0.069264 0.138889
1 0.351190 0.175265 0.115801 0.149471
1 0.378788 0.832672 0.060606 0.112434
1 0.262987 0.687831 0.073593 0.171958
1 0.619589 0.511905 0.126623 0.145503
1 0.694264 0.625661 0.096320 0.108466
1 0.692641 0.733466 0.099567 0.067460
1 0.568723 0.269841 0.046537 0.187831
1 0.619589 0.095238 0.104978 0.111111
1 0.654762 0.181878 0.069264 0.167989
1 0.713745 0.186508 0.074675 0.150794
1 0.745130 0.140873 0.059524 0.080688
1 0.728355 0.084656 0.095238 0.044974
1 0.762446 0.466931 0.074675 0.169312
1 0.767857 0.804894 0.048701 0.056878