1 0.408550 0.132937 0.109307 0.099206
1 0.493506 0.140212 0.095238 0.095238
1 0.581169 0.117725 0.108225 0.111111
1 0.654762 0.230159 0.090909 0.145503
1 0.673701 0.353175 0.102814 0.169312
1 0.707251 0.469577 0.091991 0.121693
1 0.528680 0.576058 0.122294 0.091270
1 0.401515 0.656746 0.116883 0.096561
1 0.274351 0.755291 0.055195 0.132275
1 0.308983 0.694444 0.081169 0.079365
1 0.291667 0.611111 0.063853 0.166667
1 0.634740 0.711640 0.046537 0.161376
1 0.699134 0.632275 0.058442 0.121693
1 0.458874 0.423942 0.093074 0.117725
1 0.525974 0.314815 0.106061 0.089947
1 0.365260 0.336640 0.087662 0.144180
1 0.302489 0.306217 0.087662 0.154762
1 0.319805 0.171958 0.085498 0.150794