1 0.262987 0.700397 0.088745 0.167989
1 0.293831 0.849206 0.061688 0.095238
1 0.343074 0.845899 0.062771 0.096561
1 0.469697 0.775132 0.132035 0.113757
1 0.323593 0.498016 0.093074 0.210317
1 0.329545 0.153439 0.122294 0.124339
1 0.584957 0.169312 0.072511 0.185185
1 0.586039 0.396825 0.085498 0.150794
1 0.663961 0.312831 0.068182 0.191799
1 0.728355 0.390873 0.112554 0.136243
1 0.732684 0.111111 0.097403 0.116402
1 0.736472 0.220238 0.098485 0.112434
1 0.667749 0.542328 0.067100 0.187831
1 0.730519 0.542328 0.071429 0.182540
1 0.680736 0.669974 0.071429 0.154762
1 0.698593 0.744048 0.102814 0.117725
1 0.575216 0.794974 0.113636 0.126984