1 0.272186 0.829365 0.055195 0.103175
1 0.309524 0.760582 0.116883 0.082011
1 0.281926 0.677249 0.091991 0.097884
1 0.463203 0.775132 0.108225 0.126984
1 0.537338 0.575397 0.098485 0.150794
1 0.447511 0.299603 0.102814 0.123016
1 0.680736 0.294974 0.101732 0.126984
1 0.638528 0.824164 0.067100 0.100711
1 0.704807 0.713188 0.076475 0.192061
1 0.795949 0.690781 0.070190 0.198464
1 0.789664 0.905890 0.070190 0.188220
1 0.684903 0.932778 0.093237 0.129321
1 0.587475 0.951344 0.086951 0.094750
1 0.366954 0.951344 0.178093 0.097311