1 0.261905 0.390873 0.075758 0.130952
1 0.312229 0.287037 0.059524 0.153439
1 0.257035 0.219577 0.076840 0.171958
1 0.346320 0.173942 0.099567 0.115079
1 0.488095 0.162037 0.075758 0.162698
1 0.470238 0.305556 0.085498 0.100529
1 0.686147 0.234127 0.077922 0.148148
1 0.656926 0.488095 0.112554 0.185185
1 0.264069 0.660053 0.060606 0.171958
1 0.327922 0.609127 0.082251 0.194444
1 0.295996 0.848545 0.072511 0.075397
1 0.333333 0.752646 0.093074 0.113757
1 0.388528 0.784392 0.056277 0.124339
1 0.449675 0.837963 0.055195 0.083333
1 0.454545 0.748677 0.080087 0.145503
1 0.706710 0.788360 0.060606 0.142857
1 0.757576 0.807540 0.064935 0.083333