1 0.252165 0.639550 0.043290 0.181217
1 0.299784 0.826058 0.101732 0.104497
1 0.289502 0.701058 0.068182 0.161376
1 0.362013 0.688492 0.061688 0.189153
1 0.328463 0.531085 0.070346 0.170635
1 0.469697 0.542989 0.088745 0.146825
1 0.521104 0.733466 0.091991 0.091270
1 0.610931 0.825397 0.053030 0.076720
1 0.662879 0.637566 0.046537 0.108466
1 0.693182 0.697751 0.079004 0.128307
1 0.723485 0.777116 0.072511 0.128307
1 0.599026 0.546958 0.096320 0.120370
1 0.691558 0.551587 0.106061 0.087302
1 0.615801 0.399471 0.082251 0.150794
1 0.680736 0.389550 0.062771 0.152116
1 0.720238 0.447751 0.076840 0.130952
1 0.755411 0.510582 0.054113 0.169312
1 0.733766 0.263889 0.051948 0.138889
1 0.701299 0.202381 0.064935 0.140212
1 0.652597 0.176587 0.067100 0.175926
1 0.562229 0.278439 0.079004 0.154762
1 0.515693 0.171296 0.104978 0.078042
1 0.522727 0.105159 0.123377 0.062169