1 0.329848 0.575926 0.089394 0.174074
1 0.376818 0.852778 0.077273 0.061111
1 0.486667 0.725926 0.103030 0.118519
1 0.563182 0.804630 0.077273 0.105556
1 0.674545 0.680556 0.106061 0.146296
1 0.669242 0.836111 0.046970 0.079630
1 0.719242 0.781481 0.053030 0.137037
1 0.764697 0.805556 0.053030 0.051852
1 0.538182 0.312037 0.093939 0.172222
1 0.652576 0.312037 0.104545 0.127778
1 0.733636 0.268519 0.078788 0.137037
1 0.688939 0.118519 0.062121 0.122222
1 0.726818 0.112963 0.068182 0.122222
1 0.753333 0.132407 0.063636 0.146296