1 0.328463 0.737434 0.117965 0.115079
1 0.418831 0.861111 0.080087 0.097884
1 0.420455 0.705688 0.087662 0.093915
1 0.679654 0.706349 0.090909 0.084656
1 0.669372 0.539683 0.061688 0.177249
1 0.356061 0.562831 0.051948 0.157407
1 0.358225 0.406085 0.077922 0.145503
1 0.255952 0.417989 0.066017 0.140212
1 0.238636 0.293651 0.059524 0.132275
1 0.265152 0.224206 0.036797 0.167989
1 0.294372 0.145503 0.114719 0.060847
1 0.327381 0.237434 0.066017 0.101852
1 0.323052 0.304894 0.087662 0.064815
1 0.400433 0.128968 0.106061 0.107143
1 0.529762 0.347884 0.076840 0.111111
1 0.575758 0.234788 0.082251 0.146825
1 0.667749 0.236111 0.067100 0.194444
1 0.745130 0.414683 0.053030 0.210317
1 0.733225 0.297619 0.063853 0.103175
1 0.730519 0.173280 0.077922 0.055556
1 0.719156 0.104497 0.066017 0.079365