1 0.335498 0.651455 0.067100 0.167989
1 0.413961 0.623677 0.079004 0.183862
1 0.425325 0.534392 0.095238 0.137566
1 0.380411 0.431217 0.096320 0.076720
1 0.303571 0.467593 0.081169 0.112434
1 0.260823 0.513228 0.073593 0.087302
1 0.244589 0.416005 0.051948 0.130952
1 0.304113 0.371032 0.088745 0.128307
1 0.275974 0.294974 0.121212 0.129630
1 0.252165 0.214947 0.067100 0.128307
1 0.272727 0.121032 0.086580 0.091270
1 0.299242 0.142857 0.100649 0.116402
1 0.356061 0.122354 0.088745 0.080688
1 0.318182 0.197751 0.054113 0.080688
1 0.416667 0.138228 0.069264 0.128307
1 0.378247 0.249339 0.063853 0.170635
1 0.429654 0.298280 0.069264 0.085979
1 0.480519 0.309524 0.084416 0.169312
1 0.445346 0.401455 0.124459 0.070106
1 0.570346 0.283069 0.099567 0.140212
1 0.505952 0.133598 0.128788 0.097884
1 0.606602 0.198413 0.096320 0.132275
1 0.719697 0.338624 0.095238 0.097884
1 0.680195 0.465608 0.074675 0.105820
1 0.712121 0.571429 0.060606 0.177249
1 0.607143 0.794312 0.058442 0.125661
1 0.527056 0.848545 0.049784 0.067460
1 0.510281 0.770503 0.102814 0.070106
1 0.708255 0.930052 0.085846 0.139896
1 0.818476 0.912565 0.056171 0.174870