1 0.410173 0.822090 0.121212 0.083333
1 0.285714 0.697090 0.077922 0.219577
1 0.250000 0.486772 0.060606 0.195767
1 0.259199 0.299603 0.048701 0.202381
1 0.347944 0.335979 0.126623 0.124339
1 0.485390 0.581349 0.094156 0.123016
1 0.564394 0.664683 0.126623 0.091270
1 0.685065 0.547619 0.088745 0.169312
1 0.725649 0.616402 0.061688 0.119048
1 0.689935 0.304894 0.057359 0.160053
1 0.561147 0.317460 0.087662 0.148148
1 0.561688 0.206349 0.069264 0.076720
1 0.496753 0.169312 0.097403 0.105820
1 0.642857 0.134921 0.080087 0.134921
1 0.735931 0.199735 0.058442 0.158730
1 0.734848 0.102513 0.080087 0.080688
1 0.656926 0.822751 0.101732 0.097884
1 0.737013 0.796958 0.099567 0.059524