1 0.285173 0.569444 0.048701 0.205026
1 0.300325 0.763228 0.061688 0.174603
1 0.388528 0.506614 0.056277 0.190476
1 0.490260 0.556217 0.088745 0.125661
1 0.667749 0.672619 0.073593 0.141534
1 0.577381 0.798942 0.050866 0.140212
1 0.630952 0.793651 0.041126 0.140212
1 0.706169 0.781746 0.098485 0.092593
1 0.746753 0.531085 0.080087 0.120370
1 0.704545 0.419974 0.093074 0.115079
1 0.588745 0.388228 0.064935 0.178571
1 0.554654 0.291667 0.081169 0.125661
1 0.380411 0.222884 0.083333 0.123016
1 0.708333 0.218915 0.107143 0.093915
1 0.698052 0.326058 0.103896 0.091270
1 0.717532 0.128307 0.084416 0.079365