1 0.339697 0.357407 0.103030 0.151852
1 0.446515 0.653704 0.095455 0.137037
1 0.495758 0.735185 0.103030 0.092593
1 0.571515 0.815741 0.054545 0.101852
1 0.453333 0.852778 0.084848 0.079630
1 0.638939 0.814815 0.046970 0.133333
1 0.670000 0.751852 0.063636 0.140741
1 0.720000 0.797222 0.045455 0.112963
1 0.754091 0.801852 0.040909 0.077778
1 0.582121 0.244444 0.078788 0.122222
1 0.657879 0.314815 0.096970 0.074074
1 0.742727 0.277778 0.096970 0.125926
1 0.658636 0.196296 0.104545 0.114815
1 0.692727 0.115741 0.087879 0.153704
1 0.739697 0.123148 0.066667 0.112963