1 0.288961 0.560185 0.077922 0.160053
1 0.296537 0.826064 0.097403 0.107155
1 0.429654 0.853022 0.067100 0.087606
1 0.540584 0.850529 0.087662 0.076720
1 0.586108 0.597668 0.081306 0.110681
1 0.491883 0.531085 0.104978 0.091270
1 0.352945 0.214412 0.114457 0.124086
1 0.613095 0.213898 0.074675 0.179118
1 0.729437 0.152778 0.069264 0.165344
1 0.728355 0.357804 0.099567 0.101852
1 0.704004 0.519180 0.063853 0.167989
1 0.758117 0.460979 0.094156 0.123016
1 0.668831 0.757275 0.132035 0.093915
1 0.724026 0.821429 0.071429 0.076720
1 0.688569 0.941101 0.064952 0.117798
1 0.765569 0.935339 0.065999 0.129321
1 0.834711 0.918054 0.061809 0.163892