1 0.492424 0.868386 0.071429 0.059524
1 0.653680 0.751984 0.051948 0.202381
1 0.613636 0.497354 0.110390 0.121693
1 0.700758 0.492063 0.083333 0.153439
1 0.361472 0.617063 0.093074 0.191799
1 0.280844 0.566138 0.085498 0.195767
1 0.270563 0.293651 0.101732 0.158730
1 0.665584 0.208995 0.058442 0.174603
1 0.741342 0.281085 0.058442 0.133598
1 0.765152 0.150132 0.030303 0.141534
1 0.725649 0.171958 0.057359 0.140212
1 0.719156 0.088624 0.096320 0.089947
1 0.324134 0.867063 0.081169 0.051587
1 0.402056 0.873016 0.061688 0.063492