1 0.273268 0.632275 0.104978 0.121693
1 0.295455 0.569444 0.106061 0.093915
1 0.354978 0.740741 0.080087 0.140212
1 0.416126 0.853836 0.044372 0.038360
1 0.676948 0.777116 0.059524 0.149471
1 0.634740 0.490741 0.085498 0.142857
1 0.594156 0.339286 0.084416 0.191799
1 0.416667 0.369709 0.099567 0.120370
1 0.345238 0.224868 0.062771 0.211640
1 0.288420 0.275794 0.087662 0.197090
1 0.244048 0.216270 0.048701 0.157407
1 0.606602 0.128968 0.107143 0.123016
1 0.691558 0.275132 0.108225 0.126984
1 0.687771 0.134921 0.050866 0.100529
1 0.740801 0.137566 0.061688 0.108466