1 0.268398 0.527116 0.058442 0.189153
1 0.257576 0.780423 0.067100 0.150794
1 0.346861 0.854497 0.050866 0.071429
1 0.602814 0.767857 0.125541 0.093915
1 0.526515 0.487434 0.104978 0.141534
1 0.613095 0.379630 0.141775 0.108466
1 0.649351 0.546958 0.097403 0.136243
1 0.738095 0.487434 0.060606 0.207672
1 0.326299 0.445767 0.068182 0.185185
1 0.231061 0.261243 0.068182 0.202381
1 0.293831 0.149471 0.096320 0.079365
1 0.320346 0.255291 0.095238 0.142857
1 0.454004 0.151455 0.098485 0.146825
1 0.600108 0.185185 0.102814 0.095238
1 0.666126 0.158069 0.070346 0.175926
1 0.732143 0.158730 0.074675 0.126984
1 0.720779 0.087302 0.090909 0.092593