1 0.261905 0.180556 0.084416 0.125661
1 0.293290 0.271164 0.054113 0.190476
1 0.352814 0.221561 0.088745 0.175926
1 0.394481 0.421958 0.079004 0.169312
1 0.245671 0.409392 0.080087 0.157407
1 0.281926 0.640873 0.094156 0.141534
1 0.403139 0.806217 0.111472 0.091270
1 0.261905 0.833333 0.056277 0.089947
1 0.522727 0.583333 0.112554 0.124339
1 0.660173 0.690476 0.080087 0.126984
1 0.732143 0.533069 0.087662 0.158730
1 0.560606 0.220899 0.069264 0.166667
1 0.649351 0.257937 0.071429 0.185185
1 0.705087 0.267196 0.081169 0.132275
1 0.717532 0.168651 0.103896 0.088624
1 0.694264 0.098545 0.096320 0.070106