1 0.288420 0.547619 0.042208 0.198413
1 0.293290 0.732143 0.049784 0.199735
1 0.384740 0.515212 0.063853 0.186508
1 0.345779 0.244709 0.104978 0.108466
1 0.491342 0.563492 0.108225 0.156085
1 0.553030 0.288360 0.097403 0.132275
1 0.597944 0.384921 0.094156 0.182540
1 0.695346 0.322751 0.098485 0.076720
1 0.706169 0.441138 0.098485 0.141534
1 0.752165 0.529101 0.095238 0.119048
1 0.683442 0.235450 0.085498 0.082011
1 0.709957 0.128968 0.101732 0.093915
1 0.586580 0.783069 0.069264 0.158730
1 0.630952 0.812169 0.045455 0.087302
1 0.683983 0.775794 0.069264 0.117725
1 0.702922 0.720899 0.074675 0.140212