0 0.250303 0.842593 0.087879 0.137037
0 0.293485 0.811111 0.074242 0.129630
0 0.253182 0.690793 0.084545 0.166561
0 0.348446 0.531736 0.048752 0.148964
0 0.519067 0.538212 0.089044 0.099741
0 0.657276 0.706606 0.077582 0.141192
0 0.403556 0.778497 0.086905 0.080311
0 0.656364 0.828704 0.042424 0.138889
0 0.704545 0.279145 0.057230 0.120466
0 0.607757 0.268135 0.024746 0.085492
0 0.125353 0.939119 0.164272 0.121762
0 0.408855 0.965026 0.103862 0.069948
0 0.688118 0.906736 0.085846 0.186528
0 0.784562 0.941710 0.068888 0.116580