1 0.237424 0.187037 0.080303 0.144444
1 0.321515 0.178704 0.066667 0.101852
1 0.244242 0.276852 0.069697 0.138889
1 0.321515 0.262963 0.090909 0.107407
1 0.275303 0.373148 0.077273 0.142593
1 0.301061 0.563889 0.050000 0.161111
1 0.263182 0.746296 0.059091 0.162963
1 0.373030 0.618519 0.060606 0.155556
1 0.438182 0.446296 0.093939 0.133333
1 0.461667 0.534259 0.101515 0.090741
1 0.439697 0.725926 0.127273 0.103704
1 0.535909 0.716667 0.086364 0.170370
1 0.657879 0.712963 0.066667 0.129630
1 0.710909 0.688889 0.057576 0.200000
1 0.732121 0.525926 0.075758 0.177778
1 0.743485 0.369444 0.071212 0.183333
1 0.678333 0.301852 0.077273 0.188889
1 0.623788 0.346296 0.059091 0.185185
1 0.588939 0.533333 0.110606 0.118519
1 0.538939 0.291667 0.077273 0.153704