1 0.322511 0.818122 0.103896 0.075397
1 0.303030 0.744709 0.090909 0.129630
1 0.262987 0.631614 0.093074 0.138889
1 0.396645 0.822090 0.053030 0.125661
1 0.632035 0.838624 0.082251 0.079365
1 0.570887 0.585979 0.098485 0.100529
1 0.633658 0.515212 0.076840 0.144180
1 0.680195 0.470238 0.085498 0.104497
1 0.747835 0.426587 0.060606 0.173280
1 0.707792 0.274471 0.095238 0.120370
1 0.731602 0.133598 0.058442 0.119048
1 0.606602 0.296958 0.055195 0.218254
1 0.433442 0.441799 0.087662 0.156085
1 0.424242 0.276455 0.067100 0.161376
1 0.505411 0.163360 0.064935 0.096561
1 0.327922 0.150132 0.108225 0.112434
1 0.296537 0.283730 0.077922 0.165344