1 0.276515 0.767196 0.074675 0.145503
1 0.267857 0.639550 0.098485 0.107143
1 0.329004 0.533069 0.106061 0.190476
1 0.281926 0.267857 0.061688 0.202381
1 0.343615 0.233466 0.083333 0.186508
1 0.468074 0.159392 0.109307 0.109788
1 0.459957 0.423942 0.090909 0.130952
1 0.464827 0.576720 0.100649 0.171958
1 0.568723 0.585317 0.109307 0.104497
1 0.609848 0.427249 0.072511 0.203704
1 0.677489 0.479497 0.121212 0.109788
1 0.689935 0.345899 0.102814 0.115079
1 0.692641 0.154762 0.058442 0.137566
1 0.734307 0.127646 0.059524 0.112434