1 0.274351 0.630952 0.096320 0.119048
1 0.309524 0.548942 0.106061 0.095238
1 0.363636 0.825397 0.058442 0.111111
1 0.663420 0.775132 0.077922 0.134921
1 0.634199 0.495370 0.088745 0.160053
1 0.425325 0.373016 0.119048 0.132275
1 0.595238 0.350529 0.106061 0.145503
1 0.689935 0.275794 0.111472 0.080688
1 0.615801 0.132275 0.082251 0.113757
1 0.284632 0.284392 0.073593 0.179894
1 0.239177 0.215608 0.064935 0.177249
1 0.327381 0.174603 0.094156 0.140212
1 0.706710 0.119048 0.077922 0.095238
1 0.743506 0.126984 0.073593 0.129630