1 0.269242 0.557407 0.071212 0.181481
1 0.381364 0.652778 0.104545 0.179630
1 0.538939 0.670370 0.092424 0.125926
1 0.596515 0.835185 0.062121 0.107407
1 0.663939 0.499074 0.103030 0.098148
1 0.521515 0.397222 0.130303 0.120370
1 0.629848 0.369444 0.116667 0.109259
1 0.412424 0.225926 0.103030 0.166667
1 0.548788 0.148148 0.109091 0.103704
1 0.750303 0.360185 0.063636 0.172222
1 0.734394 0.242593 0.080303 0.166667
1 0.712424 0.156481 0.060606 0.157407
1 0.642727 0.115741 0.115152 0.124074
1 0.638182 0.225000 0.072727 0.205556