1 0.282468 0.832672 0.073593 0.080688
1 0.327922 0.781746 0.132035 0.105820
1 0.289502 0.671296 0.094156 0.138889
1 0.266907 0.535851 0.099523 0.083227
1 0.445887 0.586640 0.090909 0.133598
1 0.426407 0.782407 0.086580 0.152116
1 0.531385 0.755952 0.051948 0.189153
1 0.577922 0.589118 0.075758 0.202046
1 0.646104 0.810847 0.045455 0.113757
1 0.726283 0.359485 0.098475 0.122300
1 0.733225 0.136243 0.055195 0.142857
1 0.698522 0.717029 0.049238 0.179257
1 0.776045 0.686940 0.055523 0.160051
1 0.785473 0.903329 0.059714 0.193342
1 0.680712 0.929577 0.076475 0.140845
1 0.589047 0.937900 0.075428 0.124200
1 0.358573 0.907810 0.131999 0.176697