1 0.268939 0.864418 0.035714 0.062169
1 0.316017 0.788360 0.077922 0.137566
1 0.360390 0.720238 0.088745 0.115079
1 0.436147 0.818783 0.082251 0.074074
1 0.415043 0.579365 0.061688 0.150794
1 0.484307 0.593915 0.050866 0.190476
1 0.290043 0.613095 0.084416 0.167989
1 0.254870 0.529762 0.068182 0.181217
1 0.235390 0.435185 0.048701 0.134921
1 0.364719 0.226190 0.058442 0.158730
1 0.601190 0.535714 0.081169 0.100529
1 0.683983 0.687831 0.038961 0.161376
1 0.603355 0.646825 0.102814 0.087302
1 0.708874 0.555556 0.060606 0.158730
1 0.760281 0.521825 0.057359 0.170635
1 0.724026 0.387566 0.051948 0.169312
1 0.619048 0.407407 0.067100 0.156085
1 0.534091 0.146164 0.061688 0.109788
1 0.600649 0.170635 0.077922 0.177249
1 0.647727 0.268519 0.059524 0.156085
1 0.688312 0.218254 0.084416 0.126984
1 0.717532 0.273148 0.086580 0.104497
1 0.608225 0.801587 0.099567 0.066138
1 0.719697 0.808201 0.054113 0.092593