1 0.262987 0.370370 0.116883 0.150794
1 0.339827 0.371693 0.093074 0.116402
1 0.255952 0.692460 0.094156 0.165344
1 0.385281 0.847222 0.056277 0.078042
1 0.330087 0.195106 0.084416 0.162698
1 0.567100 0.277116 0.069264 0.160053
1 0.731602 0.418651 0.073593 0.125661
1 0.614177 0.111772 0.094156 0.075397
1 0.645022 0.187169 0.067100 0.154762
1 0.700758 0.185185 0.076840 0.126984
1 0.733766 0.083333 0.119048 0.055556
1 0.745130 0.135582 0.055195 0.091270
1 0.685606 0.621032 0.096320 0.096561
1 0.682359 0.719577 0.068182 0.111111
1 0.761905 0.818783 0.060606 0.060847