1 0.285173 0.777116 0.083333 0.138889
1 0.272727 0.637566 0.084416 0.137566
1 0.313853 0.525794 0.097403 0.189153
1 0.465909 0.415344 0.094156 0.142857
1 0.468074 0.568783 0.096320 0.179894
1 0.558442 0.576720 0.116883 0.119048
1 0.613095 0.452381 0.072511 0.166667
1 0.687229 0.349206 0.114719 0.108466
1 0.688853 0.466270 0.115801 0.104497
1 0.477273 0.143519 0.064935 0.112434
1 0.350649 0.237434 0.082251 0.191799
1 0.283009 0.273148 0.074675 0.183862
1 0.711580 0.143519 0.070346 0.115079
1 0.744589 0.112434 0.034632 0.068783