1 0.293290 0.600529 0.080087 0.169312
1 0.300325 0.842593 0.057359 0.095238
1 0.308983 0.188492 0.104978 0.120370
1 0.318182 0.290344 0.093074 0.136243
1 0.383658 0.328704 0.113636 0.133598
1 0.411797 0.140212 0.100649 0.121693
1 0.420455 0.416667 0.107143 0.111111
1 0.393939 0.638228 0.103896 0.138889
1 0.443723 0.676587 0.088745 0.170635
1 0.594697 0.501323 0.115801 0.119048
1 0.500541 0.139550 0.104978 0.075397
1 0.603355 0.127646 0.111472 0.117725
1 0.659091 0.227513 0.101732 0.148148
1 0.530303 0.314815 0.119048 0.087302
1 0.742965 0.271825 0.048701 0.165344
1 0.574675 0.660714 0.119048 0.117725
1 0.670996 0.630291 0.080087 0.093915
1 0.724567 0.517196 0.089827 0.174603
1 0.612554 0.828704 0.082251 0.085979