1 0.431818 0.850529 0.064935 0.105820
1 0.313312 0.652778 0.046537 0.183862
1 0.278139 0.429894 0.114719 0.124339
1 0.357143 0.261905 0.106061 0.087302
1 0.551407 0.203704 0.072511 0.092593
1 0.594156 0.142196 0.101732 0.136243
1 0.670455 0.098545 0.107143 0.085979
1 0.730519 0.155423 0.101732 0.133598
1 0.632576 0.257275 0.102814 0.117725
1 0.570887 0.337963 0.076840 0.165344
1 0.625000 0.406085 0.068182 0.171958
1 0.682900 0.357804 0.080087 0.120370
1 0.704545 0.462963 0.071429 0.148148
1 0.659091 0.539683 0.077922 0.161376
1 0.755411 0.489418 0.054113 0.187831
1 0.744048 0.339286 0.079004 0.091270
1 0.595779 0.660714 0.050866 0.088624
1 0.612013 0.841931 0.053030 0.080688