1 0.251623 0.421958 0.061688 0.216931
1 0.266775 0.262566 0.079004 0.183862
1 0.308983 0.496032 0.072511 0.195767
1 0.360390 0.634259 0.077922 0.191799
1 0.535714 0.634921 0.145022 0.140212
1 0.488095 0.422619 0.097403 0.141534
1 0.444805 0.202381 0.106061 0.137566
1 0.550325 0.112434 0.109307 0.087302
1 0.649351 0.119048 0.069264 0.145503
1 0.724026 0.154762 0.097403 0.148148
1 0.752165 0.102513 0.069264 0.093915
1 0.678030 0.258598 0.070346 0.178571
1 0.625000 0.332011 0.068182 0.195767
1 0.674242 0.437169 0.075758 0.167989
1 0.734307 0.380291 0.074675 0.146825
1 0.751082 0.503307 0.108225 0.173280
1 0.638528 0.827381 0.112554 0.112434
1 0.721861 0.782407 0.082251 0.120370