1 0.255411 0.548942 0.069264 0.161376
1 0.407468 0.615741 0.109307 0.091270
1 0.367424 0.796958 0.089827 0.117725
1 0.457251 0.845238 0.061688 0.095238
1 0.497294 0.745370 0.111472 0.080688
1 0.576840 0.717593 0.097403 0.064815
1 0.640693 0.778439 0.062771 0.128307
1 0.618506 0.632937 0.081169 0.157407
1 0.695887 0.680556 0.071429 0.199735
1 0.610931 0.382937 0.070346 0.170635
1 0.478896 0.406085 0.109307 0.097884
1 0.407468 0.423942 0.083333 0.149471
1 0.347403 0.466270 0.060606 0.175926
1 0.274892 0.488095 0.062771 0.169312
1 0.323052 0.506614 0.037879 0.126984
1 0.258117 0.341270 0.055195 0.132275
1 0.233225 0.330688 0.037879 0.182540
1 0.237554 0.177910 0.040043 0.178571
1 0.266234 0.163360 0.043290 0.154762