1 0.263839 0.775938 0.089206 0.143892
1 0.439935 0.783069 0.087662 0.169312
1 0.651215 0.626120 0.100167 0.093509
1 0.628788 0.501984 0.095238 0.136243
1 0.601132 0.294312 0.067893 0.205026
1 0.446429 0.305843 0.087662 0.192545
1 0.286866 0.206113 0.091048 0.107182
1 0.248376 0.319621 0.074676 0.154408
1 0.532007 0.122400 0.098646 0.091362
1 0.663366 0.123677 0.062235 0.138889
1 0.707214 0.191105 0.070721 0.144115
1 0.736472 0.125000 0.066017 0.130952
1 0.639685 0.823334 0.079936 0.107300
1 0.722162 0.390781 0.075158 0.199919
1 0.742633 0.501853 0.062353 0.196828
1 0.741867 0.720415 0.072136 0.195348
1 0.788543 0.676332 0.055163 0.190162
1 0.548798 0.734245 0.062235 0.229923
1 0.741867 0.916824 0.043847 0.166352
1 0.786421 0.909044 0.053748 0.181911
1 0.836634 0.909044 0.066478 0.181911
1 0.616690 0.939298 0.062235 0.121404
1 0.682461 0.927196 0.066478 0.145607