1 0.296515 0.696296 0.074242 0.181481
1 0.390455 0.648148 0.080303 0.185185
1 0.523030 0.769444 0.118182 0.101852
1 0.535909 0.663889 0.107576 0.142593
1 0.685909 0.749074 0.059091 0.109259
1 0.621515 0.603704 0.084848 0.185185
1 0.500303 0.499074 0.072727 0.183333
1 0.290455 0.517593 0.104545 0.146296
1 0.285909 0.259259 0.092424 0.159259
1 0.619242 0.257407 0.098485 0.129630
1 0.661667 0.337963 0.113636 0.094444
1 0.702576 0.150926 0.065152 0.168519
1 0.648030 0.525000 0.074242 0.146296
1 0.716212 0.466667 0.095455 0.103704