1 0.276061 0.196296 0.096970 0.148148
1 0.330606 0.325000 0.063636 0.168519
1 0.357879 0.458333 0.057576 0.212963
1 0.441970 0.468519 0.065152 0.196296
1 0.273030 0.559259 0.054545 0.170370
1 0.404091 0.250000 0.077273 0.181481
1 0.464697 0.249074 0.059091 0.194444
1 0.641970 0.380556 0.080303 0.187037
1 0.495000 0.590741 0.043939 0.159259
1 0.453333 0.677778 0.066667 0.088889
1 0.446515 0.754630 0.092424 0.090741
1 0.382121 0.650000 0.090909 0.114815
1 0.277576 0.752778 0.063636 0.150000
1 0.544242 0.790741 0.090909 0.103704
1 0.562424 0.686111 0.063636 0.083333
1 0.513939 0.703704 0.063636 0.088889
1 0.747273 0.826852 0.057576 0.042593