1 0.515152 0.164021 0.103896 0.095238
1 0.569805 0.122354 0.098485 0.096561
1 0.642857 0.160053 0.047619 0.148148
1 0.707251 0.192460 0.089827 0.075397
1 0.267316 0.587302 0.056277 0.140212
1 0.269481 0.740079 0.101732 0.091270
1 0.346320 0.828704 0.114719 0.080688
1 0.301948 0.652116 0.043290 0.150794
1 0.359848 0.689815 0.057359 0.170635
1 0.431277 0.730159 0.098485 0.145503
1 0.469697 0.549603 0.080087 0.160053
1 0.580087 0.559524 0.127706 0.084656
1 0.700216 0.556878 0.110390 0.097884
1 0.608225 0.830688 0.060606 0.095238
1 0.729978 0.775132 0.066017 0.126984
1 0.693723 0.697090 0.064935 0.140212
1 0.652056 0.646825 0.066017 0.148148
1 0.610931 0.419312 0.059524 0.171958
1 0.563853 0.280423 0.093074 0.140212
1 0.711039 0.281746 0.090909 0.108466
1 0.687229 0.407407 0.047619 0.161376
1 0.755952 0.393519 0.063853 0.123016
1 0.760281 0.513889 0.059524 0.130952