1 0.265693 0.320106 0.072511 0.187831
1 0.393939 0.323413 0.153680 0.236772
1 0.285173 0.483466 0.072511 0.167989
1 0.326840 0.645503 0.051948 0.203704
1 0.370130 0.834656 0.056277 0.095238
1 0.293831 0.859788 0.050866 0.055556
1 0.443182 0.853175 0.104978 0.079365
1 0.563312 0.822751 0.094156 0.092593
1 0.677489 0.593915 0.084416 0.142857
1 0.725108 0.424603 0.062771 0.121693
1 0.639069 0.446429 0.115801 0.085979
1 0.667749 0.301587 0.062771 0.179894
1 0.726190 0.160714 0.067100 0.160053
1 0.650974 0.100529 0.083333 0.121693
1 0.712662 0.784392 0.074675 0.124339