1 0.503247 0.599868 0.110390 0.120370
1 0.462121 0.749339 0.082251 0.117725
1 0.662879 0.628307 0.098485 0.129630
1 0.597944 0.472884 0.104978 0.109788
1 0.298160 0.810185 0.115801 0.120370
1 0.257576 0.609788 0.060606 0.198413
1 0.277056 0.496032 0.054113 0.230159
1 0.362013 0.365741 0.115801 0.101852
1 0.348485 0.171958 0.108225 0.124339
1 0.595779 0.214286 0.102814 0.174603
1 0.695346 0.275132 0.053030 0.195767
1 0.741883 0.347884 0.068182 0.150794
1 0.734848 0.177910 0.054113 0.175926
1 0.647727 0.781085 0.081169 0.109788
1 0.570346 0.812169 0.069264 0.132275