1 0.285173 0.275132 0.066017 0.198413
1 0.420996 0.298280 0.112554 0.088624
1 0.522186 0.166005 0.126623 0.096561
1 0.630411 0.289021 0.096320 0.104497
1 0.733225 0.273810 0.083333 0.142857
1 0.705628 0.365741 0.088745 0.120370
1 0.619048 0.414683 0.099567 0.101852
1 0.718615 0.106481 0.090909 0.078042
1 0.733766 0.146164 0.077922 0.109788
1 0.574134 0.503307 0.061688 0.154762
1 0.584416 0.632275 0.088745 0.111111
1 0.632576 0.744709 0.079004 0.153439
1 0.692641 0.656746 0.062771 0.181217
1 0.722403 0.511905 0.085498 0.142857
1 0.429113 0.742725 0.091991 0.117725
1 0.525974 0.664683 0.069264 0.088624
1 0.582792 0.785053 0.040043 0.152116