1 0.267857 0.818783 0.046537 0.126984
1 0.336580 0.816138 0.051948 0.142857
1 0.399351 0.712302 0.062771 0.173280
1 0.461039 0.695767 0.073593 0.140212
1 0.442641 0.580688 0.116883 0.124339
1 0.438312 0.454365 0.095238 0.112434
1 0.254870 0.492725 0.063853 0.165344
1 0.280844 0.240741 0.061688 0.179894
1 0.364177 0.255952 0.100649 0.130952
1 0.460498 0.225529 0.076840 0.165344
1 0.645022 0.237434 0.125541 0.120370
1 0.690476 0.323413 0.101732 0.107143
1 0.692641 0.442460 0.119048 0.101852
1 0.567641 0.450397 0.104978 0.112434
1 0.544372 0.681878 0.103896 0.133598
1 0.639069 0.695767 0.087662 0.137566
1 0.627706 0.807540 0.093074 0.083333
1 0.472944 0.824074 0.075758 0.111111
1 0.700758 0.595238 0.059524 0.174603
1 0.720238 0.693122 0.070346 0.142857
1 0.738095 0.789683 0.101732 0.087302