1 0.251623 0.271825 0.063853 0.160053
1 0.315476 0.145503 0.085498 0.129630
1 0.359848 0.281085 0.094156 0.120370
1 0.320346 0.359788 0.097403 0.074074
1 0.268939 0.438492 0.083333 0.112434
1 0.301407 0.529762 0.072511 0.154762
1 0.247294 0.591931 0.048701 0.165344
1 0.254870 0.748016 0.055195 0.175926
1 0.303030 0.677249 0.049784 0.182540
1 0.300325 0.830688 0.059524 0.066138
1 0.350649 0.785053 0.069264 0.157407
1 0.385570 0.691953 0.072006 0.211948
1 0.576734 0.810178 0.071215 0.130939
1 0.512446 0.557540 0.057359 0.170635
1 0.577381 0.574074 0.059524 0.171958
1 0.663961 0.771164 0.066017 0.145503
1 0.444264 0.148810 0.091991 0.138889
1 0.456169 0.321429 0.074675 0.182540
1 0.529762 0.350529 0.059524 0.113757
1 0.496212 0.157407 0.091991 0.103175
1 0.630952 0.228836 0.106061 0.092593
1 0.642857 0.144841 0.073593 0.144180
1 0.714286 0.115079 0.121212 0.095238
1 0.626082 0.344577 0.083333 0.205026
1 0.691558 0.503968 0.069264 0.203704
1 0.733225 0.508598 0.066017 0.149471
0 0.188943 0.927461 0.160033 0.145078
0 0.795690 0.908031 0.072068 0.183938