1 0.310065 0.453042 0.053030 0.173280
1 0.257035 0.487434 0.046537 0.175926
1 0.418831 0.572751 0.082251 0.166667
1 0.277056 0.691138 0.090909 0.107143
1 0.254870 0.302249 0.063853 0.162698
1 0.260823 0.160714 0.093074 0.078042
1 0.584416 0.518519 0.134199 0.113757
1 0.683442 0.468915 0.091991 0.109788
1 0.698052 0.316799 0.093074 0.099206
1 0.641234 0.298942 0.066017 0.164021
1 0.736472 0.181878 0.079004 0.125661
1 0.724567 0.123677 0.061688 0.099206
1 0.336039 0.823413 0.070346 0.093915
1 0.454004 0.840608 0.083333 0.088624
1 0.583333 0.791667 0.064935 0.181217
1 0.694805 0.703042 0.086580 0.125661
1 0.661255 0.642857 0.101732 0.076720
1 0.718074 0.585317 0.061688 0.165344
1 0.524351 0.308862 0.091991 0.056878