1 0.409091 0.830026 0.073593 0.117725
1 0.322511 0.797619 0.071429 0.124339
1 0.255952 0.751984 0.076840 0.152116
1 0.626623 0.679233 0.108225 0.088624
1 0.672078 0.766387 0.101732 0.120076
1 0.584416 0.845865 0.067100 0.064746
1 0.737554 0.798942 0.055195 0.089947
1 0.707792 0.556878 0.062771 0.132275
1 0.638528 0.487951 0.069264 0.198700
1 0.745130 0.513889 0.046537 0.146825
1 0.107336 0.887953 0.117640 0.224093
1 0.359044 0.920337 0.169571 0.159326
1 0.785092 0.909326 0.074187 0.181347
1 0.494171 0.737047 0.111281 0.145078