1 0.546537 0.783069 0.056277 0.150794
1 0.633658 0.707011 0.040043 0.157407
1 0.698593 0.638228 0.074675 0.128307
1 0.537338 0.575397 0.120130 0.087302
1 0.403139 0.642196 0.096320 0.104497
1 0.331169 0.726190 0.108225 0.116402
1 0.299242 0.602513 0.072511 0.175926
1 0.281385 0.790344 0.075758 0.160053
1 0.716991 0.462963 0.102814 0.126984
1 0.427489 0.422619 0.136364 0.104497
1 0.346320 0.330688 0.101732 0.111111
1 0.307359 0.302249 0.054113 0.157407
1 0.327381 0.185847 0.076840 0.160053
1 0.418290 0.129630 0.128788 0.092593
1 0.486472 0.145503 0.113636 0.092593
1 0.599026 0.129630 0.120130 0.097884
1 0.523268 0.325397 0.111472 0.097884
1 0.656926 0.228836 0.093074 0.150794
1 0.722944 0.215608 0.060606 0.206349