1 0.267857 0.744048 0.061688 0.189153
1 0.290584 0.575397 0.070346 0.166667
1 0.375541 0.634921 0.093074 0.148148
1 0.420455 0.568783 0.085498 0.171958
1 0.428571 0.379630 0.103896 0.097884
1 0.294372 0.412698 0.047619 0.185185
1 0.246212 0.337302 0.070346 0.177249
1 0.538961 0.437169 0.080087 0.210317
1 0.526515 0.281746 0.109307 0.084656
1 0.612013 0.529101 0.074675 0.203704
1 0.621753 0.712963 0.083333 0.156085
1 0.666126 0.786376 0.057359 0.101852
1 0.741342 0.794974 0.075758 0.071429
1 0.708874 0.516534 0.088745 0.120370
1 0.752165 0.468915 0.073593 0.138889
1 0.755952 0.328042 0.059524 0.137566
1 0.699134 0.341931 0.060606 0.157407
1 0.634199 0.379630 0.058442 0.161376
1 0.640693 0.257937 0.088745 0.076720
1 0.616342 0.204365 0.079004 0.099206
1 0.669372 0.154762 0.057359 0.084656
1 0.642316 0.093254 0.091991 0.046296
1 0.733225 0.138228 0.061688 0.099206
1 0.705087 0.228175 0.068182 0.123016