1 0.264610 0.607804 0.057359 0.154762
1 0.313853 0.677249 0.080087 0.140212
1 0.364719 0.388889 0.097403 0.095238
1 0.369589 0.246032 0.120130 0.082011
1 0.296537 0.204365 0.110390 0.167989
1 0.500000 0.293651 0.088745 0.142857
1 0.619589 0.176587 0.063853 0.183862
1 0.680736 0.157407 0.071429 0.137566
1 0.689935 0.276455 0.061688 0.174603
1 0.750541 0.273810 0.055195 0.134921
1 0.727273 0.186508 0.071429 0.087302
1 0.747835 0.096561 0.060606 0.084656
1 0.453463 0.785714 0.086580 0.108466
1 0.590909 0.669974 0.086580 0.173280
1 0.708333 0.810847 0.066017 0.068783