1 0.430195 0.866402 0.053030 0.084656
1 0.281385 0.434524 0.097403 0.133598
1 0.353355 0.263889 0.104978 0.101852
1 0.617965 0.095899 0.103896 0.088624
1 0.616342 0.171958 0.100649 0.103175
1 0.551948 0.192460 0.045455 0.083333
1 0.578463 0.338624 0.048701 0.174603
1 0.610931 0.469577 0.079004 0.179894
1 0.633117 0.250661 0.116883 0.128307
1 0.733225 0.152778 0.100649 0.128307
1 0.675325 0.369709 0.082251 0.154762
1 0.752706 0.353836 0.089827 0.125661
1 0.702922 0.471561 0.081169 0.165344
1 0.765152 0.487434 0.069264 0.160053
1 0.648810 0.574074 0.072511 0.177249
1 0.606602 0.708333 0.072511 0.096561
1 0.612554 0.857143 0.047619 0.060847
1 0.649892 0.790344 0.066017 0.144180