1 0.744242 0.811111 0.057576 0.096296
1 0.707879 0.428704 0.093939 0.112963
1 0.688939 0.334259 0.125758 0.116667
1 0.357879 0.205556 0.078788 0.100000
1 0.266212 0.185185 0.092424 0.103704
1 0.310151 0.444444 0.107576 0.096296
1 0.379091 0.489815 0.078788 0.164815
1 0.278333 0.631481 0.077273 0.140741
1 0.269242 0.777778 0.071212 0.103704
1 0.329848 0.763889 0.071212 0.179630
1 0.401818 0.844444 0.039394 0.081481
1 0.443485 0.755556 0.080303 0.096296
1 0.457879 0.679630 0.060606 0.103704
1 0.501061 0.724074 0.059091 0.122222
1 0.565455 0.674074 0.078788 0.162963
1 0.555606 0.796296 0.095455 0.081481
1 0.515455 0.581481 0.066667 0.170370
1 0.458636 0.555556 0.062121 0.192593
1 0.398788 0.622222 0.069697 0.133333