1 0.321429 0.369048 0.071429 0.195767
1 0.268398 0.602513 0.090909 0.141534
1 0.286797 0.793651 0.119048 0.100529
1 0.349567 0.689815 0.060606 0.186508
1 0.469697 0.554233 0.075758 0.158730
1 0.521104 0.474206 0.102814 0.120370
1 0.405303 0.152116 0.094156 0.108466
1 0.502706 0.119048 0.098485 0.058201
1 0.517316 0.174603 0.119048 0.071429
1 0.574134 0.242063 0.083333 0.134921
1 0.602273 0.412698 0.042208 0.156085
1 0.653680 0.391534 0.056277 0.129630
1 0.689394 0.205026 0.077922 0.142857
1 0.738636 0.130952 0.050866 0.108466
1 0.706169 0.450397 0.055195 0.136243
1 0.622294 0.519841 0.082251 0.100529
1 0.694805 0.542989 0.110390 0.088624
1 0.746212 0.501323 0.057359 0.140212
1 0.549242 0.830026 0.044372 0.093915
1 0.623918 0.824735 0.061688 0.075397
1 0.683442 0.795635 0.050866 0.083333
1 0.716991 0.772487 0.040043 0.111111
1 0.744589 0.775794 0.025974 0.088624
1 0.700216 0.673942 0.056277 0.128307
1 0.663420 0.651455 0.047619 0.091270