1 0.274351 0.765212 0.066017 0.160053
1 0.284091 0.611772 0.063853 0.154762
1 0.234307 0.485450 0.063853 0.190476
1 0.292749 0.384921 0.087662 0.121693
1 0.352814 0.349868 0.071429 0.080688
1 0.389069 0.283069 0.059524 0.124339
1 0.433442 0.242063 0.044372 0.116402
1 0.481602 0.122354 0.103896 0.085979
1 0.644481 0.296296 0.107143 0.092593
1 0.650433 0.563492 0.093074 0.150794
1 0.549242 0.763889 0.096320 0.101852
1 0.461039 0.814815 0.067100 0.116402
1 0.396645 0.710979 0.128788 0.062169
1 0.398268 0.626323 0.095238 0.112434
1 0.620130 0.733466 0.062771 0.165344
1 0.684524 0.727513 0.102814 0.121693
1 0.690476 0.800926 0.082251 0.093915
1 0.735931 0.813492 0.073593 0.071429
1 0.279221 0.125000 0.090909 0.051587
1 0.232143 0.236772 0.044372 0.166667
1 0.264069 0.236772 0.036797 0.121693
1 0.303571 0.236772 0.083333 0.153439
1 0.373377 0.196429 0.090909 0.088624
1 0.378247 0.109788 0.104978 0.092593
1 0.338745 0.097884 0.084416 0.103175