1 0.244048 0.522487 0.059524 0.208995
1 0.279762 0.478836 0.053030 0.171958
1 0.326840 0.299603 0.075758 0.175926
1 0.310065 0.183201 0.115801 0.091270
1 0.594697 0.225529 0.094156 0.152116
1 0.694264 0.225529 0.053030 0.186508
1 0.742424 0.207672 0.051948 0.185185
1 0.593074 0.465608 0.099567 0.153439
1 0.619048 0.552910 0.151515 0.087302
1 0.543831 0.628968 0.122294 0.112434
1 0.667208 0.634921 0.122294 0.113757
1 0.302489 0.805556 0.104978 0.108466
1 0.572511 0.847222 0.084416 0.096561
1 0.693182 0.803571 0.072511 0.088624
1 0.463745 0.760582 0.083333 0.105820