1 0.268939 0.760582 0.081169 0.171958
1 0.366883 0.653439 0.073593 0.145503
1 0.288420 0.576058 0.076840 0.162698
1 0.295996 0.401455 0.076840 0.175926
1 0.405844 0.404762 0.095238 0.140212
1 0.427489 0.568783 0.077922 0.171958
1 0.246212 0.209656 0.055195 0.167989
1 0.537338 0.421958 0.072511 0.164021
1 0.608766 0.473545 0.076840 0.177249
1 0.549242 0.277778 0.066017 0.087302
1 0.592532 0.220238 0.057359 0.149471
1 0.633117 0.380291 0.049784 0.152116
1 0.669372 0.626984 0.087662 0.116402
1 0.662338 0.785714 0.071429 0.121693
1 0.738095 0.796296 0.067100 0.052910
1 0.752706 0.489418 0.040043 0.158730
1 0.692100 0.347222 0.061688 0.154762
1 0.716450 0.403439 0.021645 0.100529
1 0.751623 0.322751 0.061688 0.129630
1 0.714286 0.228175 0.058442 0.096561
1 0.658009 0.229497 0.073593 0.125661
1 0.648268 0.156746 0.088745 0.107143
1 0.640693 0.085317 0.097403 0.067460
1 0.728896 0.089286 0.066017 0.070106
1 0.739719 0.177910 0.046537 0.136243