1 0.714286 0.828042 0.123377 0.066138
1 0.655303 0.843915 0.063853 0.066138
1 0.591991 0.687169 0.129870 0.133598
1 0.423160 0.772487 0.095238 0.129630
1 0.272186 0.794974 0.111472 0.137566
1 0.279221 0.512566 0.108225 0.189153
1 0.353896 0.445767 0.058442 0.179894
1 0.281926 0.239418 0.107143 0.105820
1 0.688853 0.117063 0.089827 0.080688
1 0.727814 0.095899 0.079004 0.091270
1 0.732143 0.188492 0.098485 0.067460
1 0.663961 0.282407 0.063853 0.205026
1 0.741342 0.423280 0.106061 0.100529
1 0.753788 0.489418 0.070346 0.177249
1 0.672619 0.717593 0.059524 0.146825