1 0.272727 0.218915 0.088745 0.144180
1 0.321429 0.126323 0.127706 0.107143
1 0.354978 0.212302 0.099567 0.096561
1 0.396104 0.836640 0.051948 0.101852
1 0.447511 0.640873 0.117965 0.099206
1 0.550325 0.492725 0.096320 0.133598
1 0.590368 0.604497 0.050866 0.166667
1 0.607143 0.722222 0.080087 0.092593
1 0.652056 0.555556 0.059524 0.177249
1 0.603355 0.278439 0.068182 0.149471
1 0.539502 0.167989 0.083333 0.097884
1 0.614177 0.139550 0.096320 0.130952
1 0.680195 0.112434 0.079004 0.084656
1 0.742424 0.131614 0.045455 0.120370
1 0.729437 0.229497 0.056277 0.091270
1 0.685606 0.301587 0.059524 0.195767
1 0.716991 0.535714 0.076840 0.161376
1 0.755411 0.453704 0.075758 0.145503
1 0.677489 0.804894 0.064935 0.085979