1 0.272727 0.636243 0.088745 0.100529
1 0.294913 0.804233 0.089827 0.108466
1 0.388528 0.812831 0.067100 0.165344
1 0.682900 0.740079 0.060606 0.083333
1 0.688853 0.401455 0.102814 0.181217
1 0.588203 0.341931 0.094156 0.170635
1 0.610390 0.134259 0.093074 0.101852
1 0.716991 0.109127 0.087662 0.070106
1 0.724567 0.146164 0.098485 0.083333
1 0.689394 0.274471 0.088745 0.096561
1 0.267857 0.529101 0.074675 0.153439
1 0.281385 0.427910 0.080087 0.152116
1 0.404221 0.382275 0.081169 0.164021
1 0.294913 0.278439 0.079004 0.157407
1 0.252165 0.216270 0.056277 0.157407
1 0.343615 0.220238 0.068182 0.189153