1 0.292208 0.846561 0.077922 0.095238
1 0.337121 0.803571 0.066017 0.154762
1 0.358225 0.685847 0.060606 0.160053
1 0.321429 0.366402 0.082251 0.208995
1 0.396104 0.175926 0.084416 0.111111
1 0.426948 0.097884 0.102814 0.092593
1 0.525433 0.177249 0.102814 0.068783
1 0.604978 0.210317 0.086580 0.158730
1 0.463203 0.551587 0.064935 0.156085
1 0.548701 0.844577 0.034632 0.059524
1 0.622835 0.829365 0.042208 0.060847
1 0.659632 0.789683 0.037879 0.108466
1 0.696970 0.779762 0.038961 0.112434
1 0.741883 0.763228 0.031385 0.113757
1 0.699675 0.683201 0.057359 0.141534
1 0.662338 0.646825 0.060606 0.150794
1 0.632035 0.515212 0.069264 0.167989
1 0.606061 0.418651 0.084416 0.160053
1 0.683442 0.360450 0.072511 0.125661
1 0.696429 0.560185 0.113636 0.070106
1 0.704004 0.464947 0.076840 0.112434
1 0.758658 0.509259 0.047619 0.150794
1 0.688312 0.202381 0.071429 0.134921
1 0.738095 0.123677 0.047619 0.128307