1 0.264610 0.317460 0.072511 0.195767
1 0.278680 0.554233 0.059524 0.182540
1 0.356061 0.582011 0.082251 0.174603
1 0.331710 0.871032 0.079004 0.070106
1 0.403680 0.851852 0.064935 0.066138
1 0.492965 0.866402 0.074675 0.066138
1 0.646104 0.740079 0.077922 0.186508
1 0.694805 0.481481 0.095238 0.140212
1 0.659632 0.210317 0.042208 0.148148
1 0.750000 0.290344 0.058442 0.133598
1 0.710498 0.263228 0.053030 0.121693
1 0.757576 0.161376 0.028139 0.134921
1 0.729978 0.155423 0.063853 0.149471
1 0.712121 0.087963 0.103896 0.088624