1 0.260281 0.722884 0.066017 0.175926
1 0.304113 0.589286 0.080087 0.212963
1 0.386905 0.728175 0.053030 0.173280
1 0.429113 0.614418 0.098485 0.104497
1 0.458060 0.499339 0.102268 0.112434
1 0.473688 0.350293 0.059116 0.177720
1 0.589827 0.466270 0.103896 0.157407
1 0.575758 0.634607 0.049784 0.142228
1 0.601003 0.765107 0.085123 0.160263
1 0.476732 0.768519 0.100649 0.092593
1 0.520022 0.696429 0.070346 0.136243
1 0.481602 0.652116 0.103896 0.169312
1 0.616883 0.854497 0.080087 0.068783
1 0.457792 0.867063 0.060606 0.051587
1 0.685065 0.142674 0.073593 0.122060
1 0.744589 0.130415 0.077922 0.114830
1 0.743506 0.254630 0.060606 0.165344
1 0.772984 0.935840 0.074965 0.128320
1 0.843706 0.910773 0.069307 0.178454
1 0.613154 0.951399 0.091938 0.097202
1 0.700141 0.951399 0.067893 0.097202