1 0.270000 0.759259 0.084848 0.162963
1 0.300303 0.645370 0.060606 0.175926
1 0.367727 0.598148 0.071212 0.166667
1 0.426818 0.731481 0.116667 0.114815
1 0.532121 0.724074 0.109091 0.088889
1 0.658636 0.742593 0.056061 0.174074
1 0.695758 0.635185 0.057576 0.170370
1 0.573030 0.498148 0.096970 0.129630
1 0.459394 0.537963 0.090909 0.087037
1 0.421515 0.453704 0.081818 0.137037
1 0.536667 0.297222 0.066667 0.138889
1 0.591212 0.309259 0.072727 0.162963
1 0.610151 0.230556 0.059091 0.209259
1 0.666212 0.296296 0.074242 0.181481
1 0.728333 0.429630 0.065152 0.192593
1 0.255606 0.359259 0.104545 0.125926
1 0.253333 0.265741 0.075758 0.105556
1 0.228333 0.166667 0.056061 0.114815
1 0.342727 0.095370 0.000000 0.001852
1 0.268485 0.162963 0.042424 0.129630
1 0.314697 0.183333 0.053030 0.177778