1 0.258117 0.705026 0.070346 0.177249
1 0.269481 0.568783 0.064935 0.158730
1 0.312771 0.748677 0.047619 0.203704
1 0.354978 0.761243 0.071429 0.157407
1 0.615801 0.785714 0.090909 0.148148
1 0.669372 0.607143 0.115801 0.111111
1 0.626082 0.553571 0.111472 0.167989
1 0.734848 0.531085 0.071429 0.128307
1 0.738636 0.447751 0.074675 0.186508
1 0.396104 0.174603 0.119048 0.097884
1 0.593074 0.105820 0.097403 0.116402
1 0.616883 0.257275 0.106061 0.096561
1 0.674784 0.315476 0.102814 0.136243
1 0.726190 0.248677 0.075758 0.119048
1 0.745671 0.134259 0.049784 0.093915
1 0.716991 0.111111 0.079004 0.076720