1 0.335151 0.389815 0.063636 0.175926
1 0.392727 0.821296 0.057576 0.135185
1 0.484394 0.726852 0.089394 0.101852
1 0.559394 0.811111 0.063636 0.125926
1 0.639697 0.750926 0.084848 0.209259
1 0.679091 0.825000 0.066667 0.094444
1 0.722273 0.789815 0.059091 0.105556
1 0.760909 0.803704 0.057576 0.059259
1 0.566970 0.240741 0.081818 0.096296
1 0.652576 0.317593 0.083333 0.101852
1 0.738939 0.266667 0.074242 0.129630
1 0.683636 0.112037 0.063636 0.105556
1 0.713182 0.138889 0.062121 0.155556
1 0.751061 0.111111 0.040909 0.144444