1 0.248918 0.371693 0.047619 0.211640
1 0.280844 0.322751 0.053030 0.206349
1 0.323780 0.285636 0.065311 0.131385
1 0.434229 0.271806 0.101839 0.100267
1 0.364997 0.837970 0.070871 0.101996
1 0.453324 0.846521 0.083451 0.074152
1 0.691017 0.768519 0.059524 0.169312
1 0.642857 0.686508 0.077922 0.108466
1 0.679654 0.605159 0.075758 0.128307
1 0.636905 0.491402 0.079004 0.186508
1 0.730519 0.463624 0.058442 0.146825
1 0.704004 0.146825 0.074675 0.082011
1 0.745130 0.140212 0.048701 0.150794
1 0.520509 0.722144 0.062235 0.226466
1 0.786421 0.676332 0.056577 0.179789
1 0.638614 0.911638 0.077793 0.176724
1 0.819661 0.912502 0.083451 0.174996
1 0.731259 0.912502 0.065064 0.174996