1 0.255606 0.755556 0.056061 0.162963
1 0.296515 0.710185 0.053030 0.175926
1 0.364697 0.602778 0.080303 0.150000
1 0.424545 0.461111 0.103030 0.155556
1 0.460909 0.534259 0.115152 0.101852
1 0.577576 0.500926 0.106061 0.124074
1 0.588939 0.157407 0.092424 0.137037
1 0.520758 0.199074 0.116667 0.138889
1 0.671515 0.310185 0.075758 0.194444
1 0.731364 0.428704 0.046970 0.194444
1 0.695000 0.637037 0.050000 0.207407
1 0.651818 0.750926 0.072727 0.168519
1 0.535151 0.708333 0.087879 0.094444
1 0.445758 0.737037 0.090909 0.118519
1 0.250303 0.351852 0.103030 0.125926
1 0.260909 0.255556 0.090909 0.100000
1 0.238182 0.179630 0.048485 0.122222
1 0.271515 0.148148 0.051515 0.114815
1 0.310909 0.167593 0.075758 0.172222