1 0.273810 0.784392 0.088745 0.171958
1 0.476732 0.721561 0.117965 0.120370
1 0.258658 0.345899 0.056277 0.215608
1 0.311147 0.367063 0.059524 0.244709
1 0.451840 0.289021 0.074675 0.210317
1 0.578463 0.121693 0.100649 0.103175
1 0.660714 0.134921 0.072511 0.140212
1 0.712121 0.136243 0.047619 0.174603
1 0.750541 0.128968 0.044372 0.144180
1 0.573593 0.403439 0.103896 0.195767
1 0.623377 0.509921 0.114719 0.128307
1 0.652056 0.619048 0.111472 0.121693
1 0.738095 0.523810 0.106061 0.116402
1 0.725108 0.383598 0.101732 0.126984
1 0.645563 0.821429 0.094156 0.092593