1 0.269060 0.742968 0.072270 0.156921
1 0.262987 0.159392 0.097403 0.101852
1 0.673160 0.153018 0.106061 0.101372
1 0.543453 0.155337 0.069948 0.080517
1 0.605399 0.478627 0.085739 0.185233
1 0.549360 0.728836 0.083569 0.153439
1 0.594156 0.854497 0.045455 0.074074
1 0.666644 0.800926 0.080042 0.099206
1 0.629329 0.636243 0.079004 0.145503
1 0.668290 0.661376 0.081169 0.158730
1 0.723485 0.559524 0.053030 0.169312
1 0.679654 0.475529 0.090909 0.152116
1 0.768939 0.516534 0.050866 0.152116
1 0.722033 0.933938 0.111281 0.132124
1 0.837553 0.927461 0.100683 0.145078
1 0.476154 0.927461 0.054051 0.129534
1 0.764955 0.681995 0.086905 0.174870