1 0.279221 0.239418 0.101732 0.201058
1 0.352273 0.246032 0.089827 0.097884
1 0.363095 0.376984 0.100649 0.111111
1 0.257035 0.601852 0.059524 0.185185
1 0.313853 0.695767 0.062771 0.164021
1 0.449134 0.779101 0.090909 0.116402
1 0.493506 0.670635 0.034632 0.095238
1 0.594697 0.656085 0.079004 0.195767
1 0.614177 0.181878 0.059524 0.186508
1 0.658009 0.146825 0.073593 0.134921
1 0.687229 0.259921 0.060606 0.167989
1 0.739719 0.234788 0.079004 0.136243
1 0.709957 0.175265 0.051948 0.138889
1 0.745130 0.105820 0.063853 0.095238