1 0.247835 0.757275 0.062771 0.157407
1 0.316558 0.731481 0.059524 0.195767
1 0.247835 0.585317 0.054113 0.149471
1 0.271104 0.433862 0.079004 0.103175
1 0.299784 0.536376 0.075758 0.165344
1 0.389610 0.683862 0.058442 0.190476
1 0.406385 0.826058 0.081169 0.107143
1 0.660173 0.824735 0.099567 0.123016
1 0.655844 0.735450 0.060606 0.177249
1 0.578463 0.569444 0.048701 0.202381
1 0.531926 0.521825 0.070346 0.199735
1 0.500000 0.318783 0.095238 0.148148
1 0.625541 0.374339 0.099567 0.198413
1 0.720779 0.431217 0.106061 0.134921
1 0.723485 0.541667 0.066017 0.173280
1 0.498377 0.161376 0.109307 0.097884
1 0.438853 0.142196 0.079004 0.170635
1 0.353896 0.197751 0.103896 0.120370
1 0.272186 0.136243 0.083333 0.089947
1 0.251623 0.280423 0.074675 0.185185
1 0.316558 0.256614 0.083333 0.145503
1 0.327381 0.364418 0.104978 0.091270
1 0.601732 0.160714 0.056277 0.183862
1 0.648810 0.156746 0.059524 0.136243
1 0.723485 0.119048 0.104978 0.119048