1 0.320000 0.529630 0.081818 0.229630
1 0.387424 0.834259 0.068182 0.109259
1 0.486667 0.728704 0.075758 0.109259
1 0.570000 0.791667 0.078788 0.127778
1 0.658636 0.713889 0.095455 0.190741
1 0.676061 0.825926 0.048485 0.081481
1 0.726061 0.784259 0.063636 0.127778
1 0.766970 0.788889 0.048485 0.081481
1 0.576818 0.237963 0.080303 0.124074
1 0.646515 0.324074 0.083333 0.125926
1 0.743485 0.283333 0.086364 0.137037
1 0.695000 0.111111 0.062121 0.111111
1 0.716970 0.132407 0.057576 0.157407
1 0.753333 0.115741 0.045455 0.120370